# Channels number
1
# Samples number
      1214
# Sampling rate
         1
# Start date
2014-07-20
# Start time
07:32:21.000Z
# Channels names
BHE
-476834 
-476901 
-476822 
-476810 
-476772 
-476786 
-476741 
-476721 
-476710 
-476697 
-476724 
-476686 
-476666 
-476701 
-476699 
-476714 
-476669 
-476741 
-476703 
-476720 
-476747 
-476727 
-476748 
-476714 
-476731 
-476717 
-476691 
-476685 
-476728 
-476671 
-476680 
-476696 
-476703 
-476722 
-476656 
-476760 
-476661 
-476760 
-476684 
-476746 
-476712 
-476769 
-476706 
-476713 
-476690 
-476719 
-476707 
-476683 
-476689 
-476697 
-476629 
-476648 
-476635 
-476597 
-476615 
-476542 
-476661 
-476511 
-476613 
-476527 
-476558 
-476556 
-476526 
-476547 
-476505 
-476566 
-476549 
-476537 
-476563 
-476552 
-476574 
-476575 
-476550 
-476606 
-476529 
-476569 
-476556 
-476551 
-476512 
-476551 
-476486 
-476483 
-476495 
-476486 
-476530 
-476451 
-476472 
-476396 
-476499 
-476401 
-476466 
-476441 
-476418 
-476458 
-476423 
-476459 
-476490 
-476427 
-476547 
-476493 
-476497 
-476533 
-476550 
-476528 
-476525 
-476545 
-476524 
-476582 
-476543 
-476476 
-476571 
-476499 
-476544 
-476503 
-476568 
-476497 
-476524 
-476494 
-476514 
-476510 
-476477 
-476498 
-476434 
-476470 
-476440 
-476507 
-476387 
-476411 
-476405 
-476448 
-476380 
-476357 
-476325 
-476322 
-476331 
-476311 
-476320 
-476331 
-476308 
-476267 
-476357 
-476194 
-476299 
-476267 
-476223 
-476290 
-476287 
-476269 
-476238 
-476300 
-476214 
-476335 
-476262 
-476289 
-476270 
-476308 
-476249 
-476292 
-476234 
-476229 
-476271 
-476232 
-476194 
-476252 
-476227 
-476203 
-476207 
-476203 
-476231 
-476205 
-476222 
-476142 
-476197 
-476189 
-476193 
-476178 
-476159 
-476113 
-476156 
-476120 
-476090 
-476032 
-476102 
-476044 
-476039 
-476010 
-475965 
-476013 
-475977 
-475987 
-475900 
-475966 
-475938 
-475912 
-475938 
-475871 
-475953 
-475845 
-475908 
-475830 
-475906 
-475812 
-475927 
-475731 
-475935 
-475716 
-475989 
-474604 
-476165 
-477544 
-474200 
-474474 
-476315 
-475263 
-476590 
-478889 
-477164 
-474136 
-476603 
-475615 
-475983 
-469965 
-466602 
-475114 
-484833 
-478546 
-470096 
-474118 
-474776 
-475545 
-472779 
-474461 
-481290 
-483506 
-476667 
-470910 
-476514 
-475014 
-476586 
-483665 
-475754 
-472958 
-478183 
-476600 
-475507 
-476178 
-474503 
-476793 
-476793 
-477698 
-477227 
-472445 
-473031 
-477172 
-475267 
-476949 
-477488 
-474481 
-474424 
-475154 
-475481 
-474844 
-473676 
-476529 
-473052 
-475374 
-474913 
-475122 
-475079 
-476154 
-476282 
-475685 
-471427 
-476856 
-478155 
-474061 
-476029 
-474223 
-476357 
-477614 
-476954 
-474896 
-475339 
-476583 
-475030 
-475810 
-476282 
-476063 
-474758 
-475148 
-473525 
-477004 
-476249 
-476365 
-474683 
-473941 
-473881 
-477084 
-477510 
-474762 
-476459 
-475057 
-476139 
-476405 
-474711 
-475764 
-475270 
-476233 
-475379 
-476116 
-476451 
-474297 
-476790 
-475352 
-476083 
-475431 
-474746 
-476303 
-475719 
-474706 
-476271 
-474462 
-473107 
-476709 
-476123 
-474999 
-473003 
-474723 
-475135 
-473861 
-475540 
-475191 
-475388 
-475130 
-474589 
-475706 
-474575 
-475917 
-476288 
-475297 
-475542 
-476224 
-473725 
-474631 
-475562 
-476171 
-475332 
-472983 
-474235 
-474873 
-474009 
-473867 
-474089 
-474890 
-476533 
-474557 
-474275 
-477459 
-477399 
-475841 
-475042 
-475691 
-477352 
-475686 
-473863 
-473792 
-475968 
-475914 
-474965 
-474678 
-471196 
-471569 
-472069 
-474685 
-475882 
-475983 
-476201 
-475141 
-475528 
-477435 
-479426 
-481699 
-476095 
-471101 
-473348 
-473607 
-474093 
-473444 
-473680 
-476520 
-474109 
-474880 
-475858 
-476154 
-474992 
-473164 
-474273 
-477272 
-476357 
-473921 
-474018 
-474553 
-473115 
-474578 
-475728 
-477041 
-477663 
-478012 
-478469 
-479470 
-477085 
-477534 
-480208 
-475701 
-473492 
-475960 
-475041 
-475198 
-472879 
-472461 
-472289 
-471634 
-471167 
-470718 
-468180 
-471351 
-471684 
-469120 
-469926 
-471339 
-471676 
-471987 
-471976 
-473574 
-474989 
-476924 
-477639 
-477088 
-478551 
-480435 
-480267 
-481876 
-481501 
-481101 
-480512 
-480430 
-478492 
-476371 
-474352 
-474473 
-472522 
-470463 
-472197 
-470402 
-468080 
-468829 
-469424 
-471466 
-470369 
-470570 
-472294 
-475135 
-476281 
-476623 
-477403 
-478516 
-477840 
-478230 
-478803 
-477929 
-476544 
-477655 
-477653 
-476222 
-473424 
-468947 
-466948 
-467524 
-469581 
-469932 
-473799 
-475359 
-476320 
-477677 
-476834 
-475775 
-475598 
-476435 
-478337 
-478614 
-477076 
-474372 
-473627 
-473530 
-472716 
-472189 
-471309 
-470967 
-472490 
-475342 
-476264 
-477659 
-476906 
-473728 
-472450 
-474184 
-474838 
-474895 
-475228 
-475891 
-475228 
-474273 
-474455 
-474318 
-474943 
-475484 
-475185 
-473764 
-472957 
-475028 
-475813 
-476224 
-476306 
-476057 
-475124 
-471325 
-470354 
-472559 
-472917 
-472907 
-473128 
-475499 
-478421 
-477685 
-476327 
-475773 
-474174 
-474755 
-475535 
-474781 
-473240 
-473449 
-474727 
-474762 
-473487 
-474026 
-474884 
-474878 
-474992 
-475813 
-475144 
-474514 
-474428 
-473139 
-473350 
-475346 
-475812 
-475084 
-475377 
-476141 
-477060 
-475666 
-473343 
-473842 
-474920 
-473811 
-472334 
-473270 
-475966 
-476704 
-475840 
-474780 
-473869 
-472208 
-471741 
-473427 
-474699 
-475621 
-475537 
-475558 
-475677 
-475855 
-476441 
-476141 
-474086 
-473605 
-473572 
-473352 
-473338 
-472137 
-472507 
-473105 
-474689 
-476820 
-477474 
-477265 
-476246 
-475562 
-474140 
-472658 
-471806 
-473062 
-474244 
-473857 
-473520 
-474339 
-475627 
-475815 
-476133 
-476633 
-475665 
-475361 
-474219 
-472821 
-473084 
-473171 
-473964 
-474253 
-474837 
-474238 
-474341 
-474867 
-474893 
-475622 
-475142 
-475084 
-474860 
-474461 
-475287 
-475457 
-475115 
-473535 
-471985 
-472713 
-473985 
-474276 
-475090 
-475714 
-476764 
-476976 
-475643 
-474709 
-473597 
-472104 
-472005 
-472953 
-473562 
-473882 
-473860 
-473986 
-474487 
-475417 
-476109 
-477068 
-475802 
-474545 
-474216 
-474178 
-473887 
-473523 
-473865 
-474233 
-474514 
-474310 
-474009 
-474052 
-473852 
-473905 
-473771 
-474459 
-474827 
-474985 
-474616 
-474631 
-474282 
-475086 
-475229 
-475162 
-474970 
-475287 
-475545 
-475038 
-473792 
-473435 
-473328 
-472715 
-472722 
-473499 
-474876 
-475548 
-475518 
-474683 
-475068 
-475597 
-475152 
-474680 
-475017 
-474408 
-473771 
-474226 
-473313 
-472581 
-472648 
-473727 
-474850 
-475450 
-475499 
-475943 
-475947 
-475260 
-474744 
-474136 
-473662 
-473191 
-472960 
-473622 
-473728 
-474220 
-475132 
-474918 
-473885 
-474211 
-474882 
-474164 
-473403 
-473859 
-474277 
-474139 
-474424 
-475538 
-475267 
-475134 
-475173 
-474528 
-473593 
-472835 
-472732 
-472747 
-472548 
-472484 
-473980 
-475364 
-475844 
-475529 
-476322 
-476110 
-474023 
-472074 
-472073 
-474333 
-475518 
-474981 
-474444 
-473264 
-473348 
-473719 
-473944 
-473554 
-473465 
-474732 
-475668 
-475311 
-473951 
-473025 
-473209 
-474398 
-474418 
-473865 
-473794 
-474521 
-475341 
-475536 
-474401 
-473074 
-472549 
-473349 
-473861 
-474118 
-473888 
-474097 
-475015 
-475259 
-474677 
-473842 
-474290 
-473786 
-473175 
-473347 
-473509 
-474260 
-475111 
-474849 
-474370 
-474385 
-473913 
-473307 
-472906 
-473279 
-474326 
-474837 
-474255 
-474296 
-474365 
-474369 
-473859 
-473552 
-473279 
-473390 
-473588 
-473590 
-473686 
-474523 
-475289 
-475554 
-474563 
-473921 
-473469 
-473590 
-473707 
-473581 
-473657 
-473510 
-473363 
-474310 
-474812 
-475451 
-474608 
-473604 
-474017 
-474018 
-473508 
-473643 
-474457 
-474650 
-473951 
-473836 
-474297 
-473634 
-473720 
-474404 
-474049 
-473591 
-473629 
-474601 
-474981 
-473901 
-473688 
-473904 
-474578 
-474949 
-474789 
-474625 
-474495 
-474217 
-474297 
-472898 
-471825 
-472638 
-474447 
-475367 
-475357 
-474817 
-474492 
-474738 
-474839 
-474557 
-473639 
-473026 
-472833 
-473121 
-473799 
-474349 
-474774 
-475256 
-475078 
-474852 
-474170 
-474039 
-473582 
-473292 
-473116 
-473399 
-473673 
-473872 
-474110 
-474697 
-474898 
-474773 
-474635 
-474051 
-473414 
-473258 
-473301 
-473081 
-473819 
-474793 
-474586 
-474065 
-473621 
-473583 
-473990 
-473984 
-473642 
-473877 
-474360 
-474316 
-474200 
-473871 
-473108 
-473162 
-473034 
-473488 
-474197 
-474516 
-474600 
-474547 
-474369 
-473823 
-473095 
-473277 
-473496 
-473197 
-473331 
-473821 
-474209 
-473914 
-474297 
-474106 
-473250 
-472879 
-472731 
-473092 
-473431 
-473773 
-474631 
-474867 
-474560 
-473904 
-473732 
-473223 
-472499 
-472719 
-473550 
-474326 
-474006 
-473896 
-473511 
-473087 
-473048 
-473184 
-473333 
-473412 
-473506 
-473919 
-473797 
-473630 
-473744 
-473860 
-474151 
-474032 
-475063 
-474985 
-473234 
-472691 
-472393 
-472198 
-472064 
-472491 
-473450 
-473591 
-473927 
-474082 
-474580 
-474272 
-473600 
-472948 
-473117 
-473246 
-472918 
-472814 
-473169 
-473734 
-473946 
-473699 
-473232 
-472535 
-472696 
-472975 
-473258 
-473856 
-474071 
-473710 
-473212 
-472662 
-471494 
-473143 
-474240 
-473808 
-474853 
-475086 
-474455 
-473777 
-473221 
-472692 
-472803 
-473314 
-473947 
-473576 
-473172 
-473065 
-472717 
-472776 
-472956 
-473180 
-473167 
-472824 
-472976 
-473173 
-473195 
-473480 
-473304 
-473695 
-473482 
-473013 
-472741 
-472852 
-472521 
-472714 
-473293 
-473503 
-473188 
-473521 
-473928 
-473680 
-472941 
-473207 
-473383 
-473008 
-472894 
-472983 
-472816 
-472784 
-472554 
-472704 
-472974 
-473242 
-473478 
-473417 
-473147 
-473304 
-473066 
-472830 
-473169 
-473216 
-472637 
-472108 
-472347 
-472862 
-473015 
-473369 
-473333 
-472999 
-473270 
-473223 
-472889 
-472202 
-471735 
-471965 
-472628 
-472906 
-473225 
-473553 
-473592 
-473377 
-472761 
-471892 
-471625 
-471812 
-472318 
-473062 
-473661 
-473771 
-473510 
-472927 
-472212 
-471981 
-472114 
-472601 
-473022 
-473268 
-473192 
-473237 
-472825 
-472455 
-472332 
-472333 
-472235 
-472639 
-473052 
-472972 
-473202 
-473795 
-473934 
-473613 
-472944 
-472401 
-471812 
-471899 
-472161 
-472965 
-473389 
-473437 
-473051 
-472705 
-472303 
-472223 
-472325 
-472556 
-472746 
-472792 
-472576 
-472607 
-472760 
-472687 
-472726 
-472946 
-472940 
-472710 
-472527 
-472397 
-472223 
-472436 
-472826 
-473110 
-472778 
-472468 
-472073 
-471721 
-471719 
-472147 
-472994 
-473585 
-473440 
-472914 
-472301 
-471903 
-471878 
-472061 
-472255 
-472354 
-472634 
-472766 
-472581 
-472630 
-472883 
-472732 
-472704 
-472452 
-472204 
-472114 
-471947 
-472140 
-472658 
-472991 
-472984 
-472815 
-472636 
-472479 
-472476 
-472731 
-472521 
-472390 
-472277 
-472281 
-472267 
-472473 
-472827 
-473039 
-472937 
-472752 
-472469 
-472287 
-472498 
-472629 
-472499 
-472390 
-472699 
-472518 
-472377 
-472318 
-472421 
-472366 
-472096 
-471971 
-472275 
-472451 
-472271 
-472328 
-472645 
-473127 
-473169 
-472607 
-471936 
-471843 
-471912 
-472121 
-472282 
-472706 
-473093 
-473353 
-473165 
-472605 
-471696 
-471209 
