# Channels number
7
# Samples number
      1214
# Sampling rate
         1
# Start date
20-07-2014
# Start time
18:32:21.000
# Channels names
BHN,BHE,BHZ,HH1,HH2,HHZ,Model_0_0
228807 -476834 185.968 -304.135 357.636 -106.268 0.0015926529164868282 
228899 -476901 112.284 221.23 203.871 -403.573 -0.03340113270770883 
228864 -476822 194.605 74.7629 -32.0994 382.662 -0.06835400612104778 
228892 -476810 148.045 173.309 138.26 149.177 -0.10322315442435073 
228937 -476772 144.263 -130.513 -47.1718 -300.297 -0.13796586727122728 
228839 -476786 144.221 -388.66 50.8924 -462.25 -0.1725395891829108 
228941 -476741 155.974 -37.6295 52.652 -300.292 -0.20690197167339977 
228935 -476721 162.909 257.569 67.6214 -102.806 -0.24101092512105493 
228922 -476710 148.766 -199.939 -101.481 439.07 -0.274824670323124 
228908 -476697 171.016 146.756 -84.8552 -261.707 -0.30830178967004196 
228921 -476724 146.663 -302.031 265.205 -560.447 -0.34140127787682095 
228936 -476686 127.768 14.2871 188.671 -371.507 -0.37408259220939866 
228901 -476666 156.485 115.973 -6.9862 165.684 -0.4063057021444168 
228896 -476701 142.628 -281.808 -59.4769 590.478 -0.43803113840160823 
228898 -476699 162.633 374.205 145.705 -335.865 -0.4692200412887275 
228968 -476714 150.073 96.4912 -18.4457 -341.593 -0.49983420829981545 
228873 -476669 140.135 -311.046 -133.777 -364.226 -0.5298361409084934 
228905 -476741 164.071 276.455 69.3852 53.2442 -0.5591890904989661 
228871 -476703 158.008 -153.35 508.474 192.868 -0.5878571033784832 
228868 -476720 150.521 246.333 -267.633 -645.747 -0.6158050648161149 
228874 -476747 133.636 -209.939 -43.2837 -108.444 -0.6429987420539092 
228908 -476727 168.689 -349.048 97.963 -45.2511 -0.669404826237736 
228873 -476748 153.345 245.764 -211.178 21.3307 -0.694990973216472 
228877 -476714 155.14 -52.2003 352.209 -113.326 -0.7197258431595381 
228858 -476731 140.055 278.31 -74.9181 -466.09 -0.7435791389442749 
228895 -476717 161.601 -117.684 -442.07 -135.34 -0.7665216432661285 
228889 -476691 127.797 44.3296 219.164 280.936 -0.7885252544261956 
228914 -476685 161.012 -47.8224 49.4033 -312.688 -0.8095630207522895 
228840 -476728 145.403 -247.305 -38.7669 -326.818 -0.8296091736113709 
228874 -476671 175.853 78.0232 -193.683 28.3005 -0.8486391589728977 
228867 -476680 120.618 217.729 -12.8847 229.848 -0.8666296674844443 
228943 -476696 175.696 50.9769 167.194 169.337 -0.8835586630227427 
228865 -476703 142.266 -151.613 349.176 -772.012 -0.8994054096851777 
228902 -476722 142.336 -178.655 -441.768 -450.226 -0.9141504971886765 
228880 -476656 172.143 -63.0483 45.9524 254.987 -0.9277758646448755 
228873 -476760 155.852 48.8948 -255.361 358.092 -0.9402648226824519 
228878 -476661 158.102 10.7486 -57.6773 -610.37 -0.9516020738895161 
228905 -476760 144.727 61.4689 -8.95011 -315.852 -0.9617737315510284 
228883 -476684 143.423 174.171 -122.941 -200.588 -0.9707673366582885 
228829 -476746 154.694 107.723 32.5348 308.183 -0.9785718731696631 
228865 -476712 169.903 -230.04 -276.859 -606.634 -0.9851777815038595 
228832 -476769 141.608 -246.659 -308.384 64.8951 -0.9905769702492173 
228817 -476706 133.551 375.729 234.707 -50.9326 -0.9947628260746756 
228792 -476713 178.002 -679.766 -79.9309 -311.859 -0.9977302218302767 
228783 -476690 133.491 337.053 -324.057 180.15 -0.999475522827284 
228748 -476719 180.46 208.428 6.82483 -304.843 -0.9999965912902208 
228831 -476707 143.565 -159.225 -138.997 129.235 -0.999292788975378 
228727 -476683 140.728 35.0854 49.5148 -96.6331 -0.9973649779525828 
228748 -476689 137.845 99.8673 -178.343 -207.383 -0.9942155195492713 
228763 -476697 171.319 -566.161 -284.599 -442.316 -0.9898482714581573 
228797 -476629 145.752 -122.968 -683.361 -162.88 -0.9842685830120413 
228740 -476648 177.091 356.605 191.927 485.902 -0.9774832886315465 
228771 -476635 115.708 26.9634 77.6037 -116.655 -0.9695006994538086 
228832 -476597 169.991 92.1477 -473.513 -853.209 -0.9603305931523718 
228763 -476615 137.003 142.437 -211.253 172.628 -0.9499842019607608 
228781 -476542 183.297 -553.619 -42.2632 -344.359 -0.9384741989144006 
228811 -476661 144.216 357.089 -350.703 -130.556 -0.9258146823277321 
228750 -476511 147.15 -415.9 -377.284 334.195 -0.9120211585255399 
228840 -476613 167.783 404.037 -16.5304 -182.656 -0.8971105228496424 
228804 -476527 132.535 -7.38422 -350.097 -367.143 -0.8811010389642132 
228772 -476558 174.206 -358.949 -83.9671 222.105 -0.8640123164850744 
228784 -476556 133.366 179.631 27.9951 -312.199 -0.8458652869603697 
228815 -476526 141.907 -129.497 -430.643 -192.549 -0.8266821782320357 
228750 -476547 161.007 -183.375 -359.756 -378.241 -0.806486487209475 
228840 -476505 155.94 218.379 -551.67 157.8 -0.78530295108878 
228772 -476566 164.304 121.974 -101.636 -119.583 -0.7631575170527614 
228772 -476549 117.116 56.0782 -30.9974 108.924 -0.7400773104888944 
228731 -476537 150.576 -35.6306 -190.088 -471.976 -0.7160906017641083 
228784 -476563 151.621 122.27 -477.635 -314.355 -0.6912267715971264 
228728 -476552 167.465 -103.002 -187.078 177.282 -0.6655162750707571 
228737 -476574 170.179 -28.2243 -312.08 77.8783 -0.6389906043282237 
228747 -476575 141.938 234.503 -98.1185 -196.766 -0.6116822499992318 
228668 -476550 128.424 -282.915 -271.204 -434.773 -0.5836246614030073 
228712 -476606 152.823 249.546 -313.329 -46.3477 -0.5548522055770637 
228681 -476529 153.442 -319.365 -3.38503 -182.743 -0.5254001251818793 
228610 -476569 169.676 457.838 -571.834 268.07 -0.49530449533304444 
228644 -476556 141.108 -62.2996 -419.688 -205.108 -0.4646021794137566 
228648 -476551 151.54 178.693 49.7818 -336.559 -0.433330783921785 
228614 -476512 146.518 -395.407 -343.728 -205.225 -0.40152861240621385 
228682 -476551 160.624 249.83 -346.199 -42.6659 -0.3692346185503851 
228618 -476486 153.737 51.2985 -376.181 -425.217 -0.3364883584585042 
228721 -476483 151.115 -92.1967 -237.377 329.611 -0.30332994220436377 
228616 -476495 155.944 104.209 19.0806 -136.212 -0.26979998470151617 
228712 -476486 153.019 23.3844 -284.102 -448.668 -0.2359395559550809 
228585 -476530 155.894 411.851 -373.981 -211.878 -0.2017901307561289 
228688 -476451 144.381 4.39326 -242.985 338.488 -0.16739353788024652 
228678 -476472 165.815 22.1357 80.7146 -614.648 -0.13279190885251674 
228639 -476396 127.353 -91.8326 -396.937 332.708 -0.09802762634166941 
228669 -476499 160.919 110.076 -430.931 -112.605 -0.06314327224661188 
228695 -476401 157.34 8.67551 38.5446 -458.884 -0.028181575538927587 
228657 -476466 142.805 578.638 -557.807 -210.072 0.006814640074771064 
228695 -476441 161.774 -439.255 66.7476 654.122 0.04180250860652826 
228648 -476418 135.449 131.487 -138.389 -857.892 0.07673917429251892 
228728 -476458 172.721 160.409 -287.495 28.8605 0.1115818440860039 
228700 -476423 158.439 -163.042 -236.744 -184.278 0.14628784007345583 
228735 -476459 136.465 229.94 -469.277 195.91 0.1808146517496691 
228668 -476490 156.775 170.561 29.1313 -333.269 0.21511998808781552 
228735 -476427 160.278 -292.281 -152.792 -246.338 0.2491618293406586 
228740 -476547 146.531 532.559 -195.641 -130.251 0.28289847850949296 
228667 -476493 155.246 260.764 -124.735 -44.9127 0.31628861241775275 
228749 -476497 152.835 -374.66 -11.7417 160.189 0.3492913323267357 
228699 -476533 140.083 13.3999 -428.877 -399.996 0.38186621403144366 
228698 -476550 166.87 -36.8503 -125.7 -316.406 0.4139733573751788 
228723 -476528 162.09 141.73 -88.6369 -621.285 0.44557343512224634 
228643 -476525 123.831 377.892 -68.9862 368.957 0.4766277411289003 
228653 -476545 155.286 400.831 -27.3984 272.955 0.5070982377535288 
228654 -476524 149.508 -412.145 -315.488 -98.0438 0.5369476024480118 
228668 -476582 168.71 431.854 -345.037 -566.098 0.5661392734731705 
228623 -476543 150.566 -173.165 140.416 36.2431 0.5946374946823286 
228594 -476476 153.045 -175.193 238.34 11.055 0.6224073593181229 
228577 -476571 158.316 597.151 -276.749 -297.71 0.6494148527689112 
228569 -476499 154.705 -555.817 29.0972 135.593 0.675626894232422 
228563 -476544 143.629 181.308 -132.856 -406.651 0.7010113772355988 
228592 -476503 139.659 383.836 -640.335 -110.188 0.7255372089610156 
228510 -476568 167.001 23.7037 542.598 -92.8929 0.7491743483316899 
228580 -476497 155.047 -464.347 -1.44902 -241.178 0.7718938428076457 
228521 -476524 178.544 308.917 -199.059 252.176 0.7936678638491537 
228550 -476494 109.511 82.4274 -384.358 -676.501 0.8144697410032138 
228585 -476514 189.421 -309.475 27.8895 112.832 0.834273994571524 
228550 -476510 133.15 493.332 140.653 -97.6356 0.8530563668199242 
228518 -476477 169.941 114.543 14.6304 284.987 0.8707938516910911 
228596 -476498 139.253 -327.003 -63.902 -409.899 0.8874647229840752 
228538 -476434 160.815 153.389 -126.888 -519.636 0.9030485609661848 
228567 -476470 156.408 86.5303 56.7471 121.831 0.9175262773846036 
228547 -476440 140.445 68.6594 34.1418 -79.1157 0.9308801388471136 
228563 -476507 163.445 101.512 3.82544 126.003 0.9430937885432834 
228564 -476387 135.329 9.83319 -239.471 -334.463 0.9541522662795151 
228545 -476411 149.329 219.538 158.137 164.85 0.964042026803411 
228571 -476405 165.231 -425.731 40.9432 -703.608 0.972750956395014 
228533 -476448 167.925 465.631 99.3401 57.411 0.9802683877045998 
228546 -476380 129.888 -334.076 -242.66 189.942 0.986585112818846 
228518 -476357 176.413 -362.098 -234.624 -488.35 0.9916933945393752 
228529 -476325 132.354 250.201 369.143 93.1721 0.9955869758598548 
228525 -476322 140.697 51.9764 -39.1059 -336.613 0.9982610876300481 
228472 -476331 172.183 466.871 -64.3235 -4.27527 0.999712454397426 
228530 -476311 147.523 -82.4336 -226.508 195.179 0.9999392984191875 
228518 -476320 177.075 -315.461 304.272 -376.78 0.998941341839772 
228383 -476331 124.033 -86.714 -267.831 -510.676 0.996719807031198 
228509 -476308 172.376 239.949 250.357 468.88 0.9932774150958097 
228444 -476267 135.644 195.097 -151.754 -175.788 0.9886183825332673 
228470 -476357 182.203 -126.647 104.088 -452.413 0.9827484160758618 
228430 -476194 145.911 289.207 95.7747 217.382 0.9756747056984821 
228437 -476299 136.676 -429.318 -49.6846 -186.226 0.9674059158117945 
228438 -476267 156.973 209.501 -194.405 -647.137 0.9579521746494228 
228450 -476223 189.948 175.458 59.7256 241.199 0.9473250618621293 
228456 -476290 127.356 -340.4 231.953 -71.3847 0.9355375943341907 
228430 -476287 154.582 346.318 54.0647 -131.144 0.9226042102393402 
228474 -476269 147.732 -261.068 -224.335 -65.3203 0.9085407513558142 
228387 -476238 157.245 -176.301 -182.242 -69.6513 0.893364443662152 
228476 -476300 155.152 69.1068 315.135 -170.141 0.8770938762375265 
228383 -476214 179.513 302.43 150.496 -262.56 0.8597489784924482 
228395 -476335 118.837 -176.022 -149.67 70.0582 0.8413509957577274 
228375 -476262 137.746 -154.669 74.2428 -72.5519 0.8219224632616022 
228353 -476289 170.972 -144.551 -255.955 -289.486 0.801487178526901 
228294 -476270 155.32 340.853 341.61 -266.578 0.7800701722220532 
228234 -476308 162.975 160.85 -190.828 51.6702 0.7576976775016504 
228220 -476249 139.653 -76.8428 -19.749 -75.8487 0.7343970978741121 
228186 -476292 156.644 -152.721 313.821 -64.4813 0.7101969736358166 
228255 -476234 161.059 -75.5443 -165.185 -532.702 0.6851269469128006 
228165 -476229 161.346 293.783 126.396 102.089 0.6592177253528702 
228183 -476271 150.64 -31.9977 -92.2651 -100.471 0.6325010445125663 
228133 -476232 157.263 -377.157 42.7538 -138.892 0.6050096289850782 
228166 -476194 137.348 28.0809 55.3996 -46.814 0.5767771523167085 
228142 -476252 166.647 -11.8728 104.925 -310.47 0.5478381957609902 
228108 -476227 151.34 371.874 -128.368 -201.078 0.5182282059209752 
228124 -476203 162.89 -322.021 211.66 232.454 0.48798345133157756 
228111 -476207 143.885 53.6177 155.476 -458.581 0.45714097803515424 
228148 -476203 155.637 -335.806 -317.297 -1.28089 0.42573856420473527 
228081 -476231 157.907 310.512 140.769 98.4648 0.39381467387048597 
228132 -476205 173.431 -165.871 152.376 -197.966 0.3614084098060799 
228127 -476222 140.948 84.8032 -308.402 -641.403 0.32855946563269217 
228131 -476142 162.019 239.74 -73.6612 720.376 0.29530807719927077 
228125 -476197 140.647 -408.625 487.96 -368.091 0.2616949732986626 
228143 -476189 173.469 652.708 -381.12 42.7752 0.22776132577992894 
228112 -476193 131.386 -121.41 237.944 -711.224 0.19354869911798017 
228112 -476178 162.26 -242.512 -331.232 -367.374 0.15909899950229162 
228127 -476159 160.787 -123.365 -78.5744 250.685 0.1244544235070617 
228151 -476113 158.357 126.648 571.356 -78.6477 0.0896574064056851 
228150 -476156 145.623 4.32802 2.71003 -358.679 0.05475057019284918 
228104 -476120 163.375 64.6089 -198.611 160.982 0.01977667137792032 
228102 -476090 151.442 54.2004 0.359905 -297.224 -0.01522145138643352 
228121 -476032 150.204 191.363 -92.2613 -105.04 -0.050200929776235456 
228095 -476102 136.391 -203.392 -14.192 -203.356 -0.08511891830453604 
228190 -476044 175.297 340.097 261.472 -0.892986 -0.11993264680177522 
228019 -476039 146.494 -232.397 -58.9777 -245.457 -0.15459947280389894 
228138 -476010 155.607 -38.9003 -550.239 176.89 -0.18907693378403462 
228035 -475965 145.869 323.517 222.031 -147.157 -0.2233227991637839 
228148 -476013 155.233 8.62576 -34.4908 -638.689 -0.25729512204039845 
227988 -475977 169.607 -63.3702 37.3604 146.598 -0.2909522905664908 
228068 -475987 142.931 298.826 -167.486 -209.265 -0.32425307891934363 
228048 -475900 163.244 80.1624 16.797 -11.5165 -0.3571566977973876 
228029 -475966 131.227 -86.9067 -3.07623 -345.792 -0.3896228443819952 
228021 -475938 165.682 -166.644 -257.526 -257.564 -0.42161175170339377 
227972 -475912 154.982 -137.437 285.774 -58.4465 -0.4530842373502308 
228024 -475938 158.398 628.57 27.7017 -39.3977 -0.484001751463128 
228020 -475871 139.861 41.5417 89.5594 319.933 -0.5143264239534389 
227996 -475953 155.512 -297.799 -153.968 -295.81 -0.5440211108893698 
228071 -475845 147.794 174.839 -408.393 -458.166 -0.5730494399926582 
227991 -475908 150.844 228.897 87.3485 -317.308 -0.6013758551900559 
228039 -475830 158.477 -187.744 216.165 -85.7665 -0.6289656601650786 
228038 -475906 168.816 50.9264 -81.745 322.068 -0.6557850608566536 
227966 -475812 120.574 -60.977 -257.169 -181.837 -0.6818012068526186 
228095 -475927 191.413 66.7831 98.4994 -200.906 -0.7069822316273692 
228004 -475731 121.672 713.081 -305.982 -595.83 -0.7312972915743672 
228052 -475935 187.412 -76.2778 173.517 279.437 -0.7547166037857022 
228026 -475716 87.0352 -205.909 -390.157 -302.758 -0.7772114825324297 
228065 -475989 232.121 -252.766 70.4893 353.143 -0.7987543744010015 
228217 -474604 -393.801 125.842 313.474 -375.507 -0.819318892042752 
227907 -476165 456.76 481.68 -405.712 -380.144 -0.838879846495101 
227814 -477544 725.997 -163.304 41.6413 75.98 -0.8574132780348814 
228120 -474200 -456.669 -134.488 -79.1783 -312.735 -0.8748964855260087 
228373 -474474 -203.665 246.059 -32.1013 -4.17953 -0.8913080542255275 
227771 -476315 397.478 28.5802 513.18 -167.417 -0.9066278820139979 
228181 -475263 -323.273 167.425 -638.713 -135.379 -0.9208372040180772 
227995 -476590 888.129 -40.0333 -13.3905 16.0427 -0.9339186155951432 
227501 -478889 1368.79 -152.383 140.064 -187.145 -0.9458560936518049 
227336 -477164 605.694 -19.641 -26.3061 -307.645 -0.9566350162701884 
228279 -474136 -481.65 642.083 347.042 -967.364 -0.966242180617958 
227030 -476603 780.632 -420.282 5150.12 -4857.52 -0.9746658191201344 
227975 -475615 -721.747 448.407 -13727.2 17003.6 -0.981895613872903 
228438 -475983 -212.058 -2289.36 -9263.25 5489.37 -0.9879227092817559 
228642 -469965 -2195.54 -2731.87 13445.7 -17024.5 -0.9927397229084867 
228941 -466602 -2815.13 2883.18 13503.9 -12286.5 -0.9963407545137564 
229302 -475114 163.043 3018.4 16919.5 -10787.7 -0.9987213932841462 
227209 -484833 4004.61 1677.98 8497.79 682.692 -0.9998787232348542 
227937 -478546 1334.69 1322.07 -36527.5 39292.4 -0.9998113267814114 
228691 -470096 67.4568 -5761.07 -23493.7 15789.2 -0.9985192864760454 
227047 -474118 -812.377 -6845.36 -32279.9 17699.8 -0.9960041849065647 
227961 -474776 -1542.32 670.817 4375.18 -15895.9 -0.992269102757886 
228502 -475545 -279.467 -6330.1 39680.7 -24221.9 -0.9873186150385808 
229104 -472779 99.725 13281.6 -11336.3 1680.22 -0.9811587854770615 
228678 -474461 327.738 3122.56 -2663.55 11431.5 -0.973797159094273 
226947 -481290 2646.68 -326.414 45270.5 -62735.8 -0.9652427529619851 
225794 -483506 2868.74 2166.19 135763 -135144 -0.9555060451580074 
227586 -476667 135.309 19084.7 98369.5 -58855.1 -0.9445989619318536 
228486 -470910 -888.209 22555.7 -69918.8 142195 -0.9325348630965781 
226772 -476514 -634.255 -21557.6 -175021 152036 -0.919328525664675 
227641 -475014 -1491.89 -38134.9 -8932.86 -28933.1 -0.9049961257480865 
228209 -476586 576.243 7023.66 93035.5 -86311.4 -0.8895552187444858 
228122 -483665 3233.24 14714.3 22323.6 20707.1 -0.8730247178341143 
227749 -475754 690.838 4937.05 -12361.8 -12020.8 -0.8554248708134978 
226754 -472958 -361.634 20908 88942.4 -117503 -0.8367772352944292 
227282 -478183 752.102 13232.6 11170.4 22358.3 -0.8171046522985886 
227946 -476600 -1501.22 -19659.3 -221360 243823 -0.7964312182801491 
229148 -475507 504.715 -46526.9 -53152 -15970.1 -0.7747822556106326 
227182 -476178 1584.37 -14220.8 80186.8 -126666 -0.7521842815621722 
226985 -474503 -532.174 14895.6 -31647.5 55437.5 -0.7286649758271688 
228908 -476793 -555.832 6889 59611.3 -9688.57 -0.7042531466141297 
226834 -476793 368.486 8366.6 -22151.8 1374.58 -0.6789786953612154 
227150 -477698 1010.51 16239.2 -77089.1 39208.8 -0.652872580110717 
227538 -477227 738.78 -26582.2 -36681.5 59184 -0.625966777589327 
228973 -472445 -1988.16 3559.81 66372.7 -85631.6 -0.598294244040642 
227885 -473031 -929.551 16342.4 99262.8 -95472.3 -0.5698888748578939 
226708 -477172 1424 -19205.3 -68433.6 113066 -0.540785463066326 
227879 -475267 654.821 17768.6 -9536.26 12573.3 -0.5110196567060893 
227553 -476949 -1103.14 -268.879 -37848.2 1372.98 -0.4806279151678509 
226855 -477488 613.876 -7303.27 -54738.7 15104.2 -0.44964746453459986 
227594 -474481 413.006 -7745.59 83928.7 -35166 -0.41811625198435015 
229028 -474424 144.115 10135.1 -23263.4 5085.42 -0.38607289930959304 
229156 -475154 -587.14 12523 -57207.6 31897.8 -0.35355665561043065 
226457 -475481 -680.004 -12924 -54707.3 73394.7 -0.32060734921933653 
227136 -474844 432.422 -18444.3 24726.4 -46090 -0.28726533891642864 
227558 -473676 -434.552 12858 49755 -78407.3 -0.25357146449501033 
228199 -476529 283.495 -4751.84 9938.43 -14154.3 -0.2195669967379325 
227373 -473052 667.243 24491.4 -1631.74 -11891.2 -0.18529358686603822 
228183 -475374 42.2739 -8811.12 -24491.6 32071.5 -0.15079321552063596 
229355 -474913 -207.371 -17570.4 -47780.3 40591.4 -0.11610814134245669 
226254 -475122 -9.44254 -15751 -27749.3 21095.7 -0.081280849210105 
226709 -475079 77.1465 -1540.35 36970.2 -22666.2 -0.04635399820139544 
229135 -476154 680.802 11751.4 38625.4 -46487.6 -0.011370369341316525 
227439 -476282 -245.429 22451.3 47665.2 -24476.4 0.023627186799375192 
226734 -475685 666.125 -11931.2 -4652.47 6774.08 0.05859580259074596 
227687 -471427 368.787 5986.65 4906.99 3333.35 0.09349264585117105 
228978 -476856 -446.4 2610.65 12842.7 -24712.7 0.12827497231140123 
227326 -478155 90.2699 -5713.24 -10630.4 14764.5 0.16290017797094744 
226650 -474061 176.32 18403.4 26526.3 -12873.2 0.19732585128265406 
227054 -476029 1085.15 -12862.4 -8208.88 16317 0.23150982510153895 
229442 -474223 -529.413 -3126.52 -16315.7 -5804.84 0.26541022833428 
227974 -476357 -528.93 5939.45 62879.6 -18008.6 0.2989855372260583 
226092 -477614 740.721 -7133.6 29457.4 -16939.8 0.3321946262219723 
225732 -476954 1003.65 -1470.72 1302.46 -19802.6 0.36499681834069825 
228374 -474896 14.7005 7731.75 -32470.9 28588.8 0.39735193499870564 
230063 -475339 243.377 9199.49 -4663.81 9611.16 0.42922034522399793 
226787 -476583 60.4648 -16951.1 -1217.13 -906.696 0.46056301419909756 
227081 -475030 -409.287 9619.56 28824.4 6843.79 0.49134155107381594 
227935 -475810 -23.0413 14132.2 49552 -2132.99 0.5215182559892446 
227568 -476282 674.995 -7081.37 -10921.8 -12390.4 0.5510561662553679 
225964 -476063 567.55 5270.05 -57973.4 4970.15 0.5799191016257362 
228668 -474758 698.414 -23188.2 -14824.5 -174.984 0.6080717086137437 
227804 -475148 -479.039 -11630.7 28931.2 15228.4 0.635479503796227 
227163 -473525 -1106.69 12757.3 50534 -2539.2 0.6621089160513522 
227663 -477004 -124.425 26449 -7793.02 -14300.4 0.6879273276790331 
226852 -476249 467.448 6607.97 -38105.4 21989 0.71290311435354 
226532 -476365 566.622 -6055.73 -1507.88 4881.96 0.7370056838593432 
227919 -474683 137.276 -22703.1 -1109.48 -10102 0.7602055135627517 
228339 -473941 183.607 3743.83 -30550.8 25097.4 0.7824741865734473 
229371 -473881 -388.28 10697.8 12084.5 88.4295 0.803784426551622 
226482 -477084 -64.1112 -17675.3 -19008.7 -16241.7 0.8241101311180838 
225584 -477510 -16.1491 -1933.92 4831.65 -1121.62 0.8434264038264068 
228594 -474762 381.798 21267.2 11963 7486.95 0.8617095846579647 
228325 -476459 820.918 -16972.5 -24062.4 -9187.69 0.8789372790024952 
226101 -475057 -44.9837 -14111.3 -1920.59 -5975.36 0.8950883850886967 
228490 -476139 41.9703 19301.3 13283.7 -12022.2 0.9101431198312623 
229324 -476405 -217.884 16239.5 16466.6 17145.7 0.9240830430626805 
225628 -474711 806.714 5033.78 -28336.4 -3986.44 0.9368910801201381 
226231 -475764 626.008 -23023.6 -10857.7 -20538.2 0.948551542759846 
228185 -475270 210.299 659.638 6962.33 7015.66 0.9590501483731761 
229733 -476233 70.8782 -16161.7 -14633.9 10942.1 0.9683740374810711 
227286 -475379 94.8641 2666.11 4886.52 -4527 0.9765117894852979 
226028 -476116 -226.343 -13503.8 41240.8 -24255.1 0.9834534366572526 
227276 -476451 108.745 33371.2 -12227.4 26361.7 0.9891904763471816 
227425 -474297 -15.5162 16617 4403.59 -11910.7 0.9937158813988642 
227498 -476790 763.117 -26136.3 -19977.3 -19326.3 0.9970241087570003 
227905 -475352 797.502 -4694.55 -29648.6 13941.7 0.99911110625676 
227796 -476083 500.679 1091.34 2992.15 15829.5 0.9999743175871789 
228144 -475431 -217.366 -7869.57 56419.5 13170.6 0.9996126854223191 
226502 -474746 -486.012 -13489.3 3087.25 -8793.17 0.9980266527163616 
226809 -476303 601.189 20430.8 -19480.8 -5016.38 0.9952181621610426 
229391 -475719 402.208 3927.87 11709.1 3406.31 0.9911906538060992 
227490 -474706 -143.143 3293.7 -21995.3 -24704.6 0.9859490608456383 
225605 -476271 39.2788 9177.72 -10612.7 27319.3 0.9794998035755911 
227818 -474462 369.999 -12968.1 19007.8 14038.8 0.9718507815296533 
227499 -473107 -271.968 -1452.21 1388.1 -20899.9 0.9630113638033443 
227639 -476709 249.47 19976.8 -31859.6 9835.4 0.9529923775780361 
227663 -476123 200.966 -11696.4 19311.8 10593.9 0.9418060948590109 
228061 -474999 602.542 215.81 -332.586 21669.1 0.9294662174437887 
227648 -473003 472.444 -10790.3 -30988.6 -34842.4 0.9159878601391386 
227304 -474723 -586.727 -907.421 29583.4 -5629.91 0.9013875322473318 
226318 -475135 -281.114 22201.9 9455.55 20894.8 0.8856831173443075 
226988 -473861 583.891 -8058.25 -5390.69 -6360.79 0.8688938513745329 
229221 -475540 -201.459 -6648.99 -15512.7 -13071.9 0.8510402990893742 
227900 -475191 -404.221 11283.7 -6713.09 -5147.56 0.8321443288578477 
225948 -475388 269.8 12125.6 2207.65 29803.4 0.8122290858806033 
227851 -475130 1076.71 -20674.1 12225.1 5309.49 0.791318963839947 
229134 -474589 238.558 -26875 24463.4 -13554.2 0.7694395750206312 
227310 -475706 -22.7026 31217.9 -1893.51 -17335.4 0.7466177189380081 
225421 -474575 295.942 -6573.88 -11857.4 -3777.25 0.7228813495119748 
227840 -475917 279.762 5100.4 22217.3 -805.321 0.6982595408269169 
229030 -476288 -569.236 -9690.09 -16458.9 -12169 0.6727824515195908 
227026 -475297 121.297 7360 -24912.2 21249 0.6464812878385652 
226423 -475542 196.115 -9065.09 38396.2 -603.338 0.6193882654204694 
227366 -476224 214.708 3715.45 8478.31 -3129.32 0.5915365698298625 
228396 -473725 515.453 24889.6 -27617.6 11005.4 0.562960315911074 
227795 -474631 126.302 -17093.4 18947.9 928.58 0.53369450600178 
225918 -475562 685.207 15718.1 3100.2 -12509 0.5037749870595187 
227824 -476171 410.78 -10124.3 -14376.6 -2058.19 0.47323840675364875 
228603 -475332 285.547 1749.33 -4725.78 4498.59 0.4421221685765378 
229201 -472983 -230.358 -15838.2 -7083.76 -95.0824 0.4104643860289613 
229768 -474235 -777.335 -6849.53 -789.011 3168.93 0.37830383593583 
231639 -474873 -228.553 19037.3 -7010.06 11064.9 0.34567991094942846 
227586 -474009 179.05 1747.31 3909.85 -6031.06 0.31263257129834177 
223670 -473867 -205.847 9930.24 6346.38 -6548.94 0.2792022958411726 
223848 -474089 -771.664 -20326.4 -20541.7 10266.1 0.24543003248500284 
223599 -474890 562.96 -113.388 -6582.61 18362.3 0.2113571480293209 
223717 -476533 453.69 -3590.2 15127.8 -4947.04 0.1770253774968755 
224197 -474557 178.294 -6990.1 21476.6 -31932.1 0.14247677301348477 
229072 -474275 -568.449 2459.62 -3743.47 1649.77 0.1077536522994423 
229744 -477459 -501.818 6461.14 -17585.3 -8042.41 0.0728985468356015 
227941 -477399 993.154 2891.87 5568.83 9103.44 0.03795414976763001 
227319 -475841 694.986 944.539 20283 8585.28 0.002963263612244873 
224509 -475042 212.04 1889.93 4020.78 -11542 -0.03203125217051811 
224385 -475691 79.5768 14627.2 -6004.6 -3751.74 -0.06698653367478347 
226642 -477352 749.643 -12523.2 -12055 25236.1 -0.10185976505176075 
225708 -475686 827.705 -1363.8 -8005.31 19065.4 -0.13660823095380534 
225488 -473863 -21.2455 -7631.87 17943.7 6333.6 -0.17118936885537786 
226340 -473792 -50.2533 1316.95 5773.68 -14338.2 -0.2055608211868139 
228258 -475968 -164.768 10459.9 10197.3 -16202.9 -0.23968048721705715 
227399 -475914 182.105 8823.41 -2418.08 1859.82 -0.2735065746217799 
225272 -474965 771.954 19611.8 8895.76 4134.13 -0.30699765067375967 
227456 -474678 1030.63 56939.1 -7658.23 152.215 -0.340112692992794 
230823 -471196 1220.34 55670 -27800.9 -11054.3 -0.3728111397929763 
231419 -471569 1000.06 13230.6 -6957.52 -9260.5 -0.4050529395658183 
222992 -472069 399.268 -50344.6 18582.9 -22821.3 -0.4367986001383378 
219733 -474685 -509.79 -57784.3 2715.65 -19600.5 -0.4680092370460325 
224609 -475882 -1796.45 -26340.1 -1673.02 15291.5 -0.49864662116148606 
231223 -475983 -1858.54 -27527.8 12654.1 -21381.2 -0.5286732255202695 
235707 -476201 -976.712 -41071.9 6111.72 -16538.5 -0.5580522712867794 
232520 -475141 -1776.92 -26289.4 -24033.1 -20560.9 -0.5867477728037125 
229298 -475528 -1439.88 7072.68 -12240.6 -4407.49 -0.6147245816699964 
227831 -477435 1034.1 13552.8 -2227.52 8529.16 -0.6419484297931853 
225544 -479426 1938.4 13677 -24041.5 15325.1 -0.6683859713635882 
225705 -481699 2170.21 32148.8 -22461.4 -17603.2 -0.694004823698716 
229310 -476095 698.331 7849.73 8838.8 14117 -0.7187736069080182 
229749 -471101 620.071 15703.4 -10012.3 34458.5 -0.7426619823293248 
230284 -473348 1899.81 27146.6 -6744.4 -422.291 -0.765640689689914 
232450 -473607 2448.1 -30043.8 -17541.6 -29978.1 -0.7876815829466868 
233138 -474093 428.987 -64140.5 7075.11 6887.33 -0.8087576647615508 
232535 -473444 -1422.19 -52963 -18802.2 53076.2 -0.8288431195697831 
229405 -473680 -2113.5 -28588.6 -27561.4 46722.6 -0.8479133452008691 
226079 -476520 -596.558 -27984.3 50516.3 40906.3 -0.8659449830130848 
224686 -474109 145.97 -48095.9 50942.7 85176.1 -0.8829159465049118 
223765 -474880 -248.292 -13087.6 30069.7 24695.4 -0.8988054483682391 
221602 -475858 -763.66 46742.4 43382.7 -21733.6 -0.9135940259502211 
219742 -476154 -773.417 59711.3 42652.6 -1022.65 -0.9272635650925856 
222768 -474992 1184.19 12971.2 -28137.6 -16597.7 -0.9397973223192173 
225090 -473164 648.248 -22695 -30315.7 -47617 -0.9511799453448223 
223036 -474273 -506.949 48414.2 -10633.9 -81347.8 -0.9613974918795568 
223678 -477272 -656.351 14396.3 -10861 -49563 -0.970437446706589 
227504 -476357 -729.382 -25256 -1000.83 -55039.8 -0.978288737011675 
229076 -473921 337.626 -5335.57 1038.68 -75197.9 -0.984941745945971 
229811 -474018 576.371 2707.85 10942.7 -24492.6 -0.990388324405471 
233219 -474553 147.517 15521.6 -10885.5 -28672.1 -0.9946218010126405 
236595 -473115 -398.746 59606.5 -49253.2 4159.34 -0.9976369902880192 
233953 -474578 -241.431 26921.4 -45095.7 65086.2 -0.9994301990017851 
230580 -475728 238.861 -36760.4 9432.79 85162.6 -0.999999230697499 
229124 -477041 193.36 -17506.7 33719.6 98818.6 -0.9993433883824893 
226370 -477663 -205.142 15456.3 32119.2 64913.2 -0.9974634753815809 
223353 -478012 -768.848 -8876.73 27814.5 859.337 -0.9943617943531226 
218160 -478469 412.8 -19356 33901.6 -54011.3 -0.9900421444685181 
215296 -479470 754.966 34281.6 -14668.9 -19641.8 -0.9845098167587173 
220786 -477085 683.774 56298.9 -22108.2 -25323.4 -0.9777715876333635 
222989 -477534 812.432 79084.3 -27987 -56865.3 -0.9698357105805402 
223260 -480208 719.105 78206.1 -67662.6 9665.34 -0.9607119060572796 
224814 -475701 2238.83 -4644.65 4131.97 79730.3 -0.9504113495832187 
227678 -473492 2212.54 -48990.6 85019.4 39459.4 -0.9389466580519846 
227932 -475960 1165.84 -52841.6 84259.8 -36202.1 -0.9263318742770782 
226890 -475041 2169.78 -63740.9 40939.7 -86582.7 -0.912582449791183 
228075 -475198 2876.93 16218.4 -31429.4 -64135.1 -0.897715225919972 
229532 -472879 1866.89 83521.9 -79763.1 -22689.2 -0.8817484131535828 
228073 -472461 1713.32 45058.1 -20856.1 46967.1 -0.8647015688410542 
225981 -472289 2262.64 -12525.6 27249.1 68295.7 -0.8465955732350126 
226007 -471634 2272.33 -18964.1 -34089.4 3150.52 -0.8274526039159754 
224632 -471167 1523.69 14561.4 32974.7 -13228.2 -0.8072961086275879 
223218 -470718 660.672 63427.7 33552.3 -28031.4 -0.7861507765560698 
227726 -468180 624.767 8082.84 -15201.3 -53892.8 -0.7640425080890486 
231088 -471351 789.994 -73483 -33215.8 -66527.5 -0.7409983830908244 
229491 -471684 -320.076 -43590.7 -46594.4 -29612.9 -0.7170466277329217 
229009 -469120 -1222.85 23042.3 -40129.2 19329.6 -0.6922165799205596 
231509 -469926 -1407.41 50868.8 -41968.9 22309.8 -0.6665386533573856 
230497 -471339 -853.593 3875.86 -36651.7 30279.3 -0.6400443002924926 
232362 -471676 -1399 -29067.4 4013.2 -23.9603 -0.6127659729953462 
231115 -471987 -2223.56 -39375.5 12264.5 -4620.5 -0.5847370840058131 
227482 -471976 -3351.71 -105837 -7233.65 -12731.3 -0.5559919652079778 
225083 -473574 -4457.85 -123368 -6698.1 -12884.5 -0.5265658257778771 
224964 -474989 -4070.04 -100284 -44619.8 -19287.9 -0.4964947090566635 
225289 -476924 -3363.07 -58272.1 -37360.9 55144 -0.4658154484020179 
226000 -477639 -3408.76 17560.2 -912.347 106926 -0.43456562207189353 
228356 -477088 -2692.2 104381 -22413 53185.3 -0.40278350719584854 
226859 -478551 -1473.91 74072 -30091.7 2375.79 -0.3705080328903486 
225725 -480435 -1361.75 23964.6 -2889.21 -3382.42 -0.3377787325754676 
226087 -480267 -2439.84 4728.64 17355.6 32753.4 -0.30463569555139103 
225246 -481876 -835.932 2615.18 -6381.53 79000 -0.2711195178940369 
222528 -481501 875.157 -44970.1 30626.6 88392.5 -0.23727125272994215 
223403 -481101 1606.99 -73978 50430.5 65747.9 -0.20313235995130274 
225770 -480512 2911.33 -17266 29486.1 37801.6 -0.16874465543281056 
226247 -480430 2214.64 31616.3 22415.6 33155.1 -0.13415025981242223 
226423 -478492 2792.46 39075.9 32500.2 50931.9 -0.09939154689884817 
225955 -476371 3801.22 -33215.8 50181.7 21894.4 -0.06451109176893552 
224740 -474352 3281.3 -75106.1 41162.1 -16428.9 -0.029551618618522943 
226009 -474473 3682.33 -40327.4 32220.8 -4457.92 0.005444051569356749 
227317 -472522 3830.99 27438 51867.7 51851.1 0.040433053474826175 
228651 -470463 2397.27 69720.3 85736.2 38487.6 0.07537252994582005 
225381 -472197 1709.95 67267.8 90425.3 -22378.4 0.11021968449273732 
224516 -470402 1856.24 63053.1 59518.1 -50313 0.14493183370878937 
225522 -468080 1856.55 100669 40029.5 -54793.3 0.17946645955183582 
226607 -468829 774.831 89647.6 48516.6 -73955.1 0.21378126142366957 
226984 -469424 -759.941 42381.6 35853.6 -121048 0.24783420798295983 
227813 -471466 -1569.84 16730.5 15174.8 -139157 0.2815835886283895 
227837 -470369 -1204.21 -5758.3 -12215.6 -115864 0.3149880645889259 
227906 -470570 -1584.14 -19246.9 -32433.7 -74517.3 0.34800671955864626 
228437 -472294 -2398.25 -3481.73 -16154 -62516.3 0.38059910981409556 
228678 -475135 -2625.25 -3263.99 -21592.6 -111235 0.4127253137527908 
228683 -476281 -3167.45 -40208.6 -41554.2 -137041 0.44434598079219173 
228877 -476623 -2454.37 -35261.5 -86558.7 -66396.8 0.47542237956924394 
228999 -477403 -1610.77 -29570.5 -106132 -18350.8 0.5059164453814552 
229149 -478516 -233.439 -13033.7 -72505.7 -30479.7 0.5357908268113964 
225800 -477840 -457.364 -16948 -54451.3 -15848.4 0.565008931477517 
225368 -478230 -716.39 -39972.7 -58642.5 20009.7 0.5935349708552364 
224663 -478803 670.262 -52693.6 -66683.2 38569.9 0.6213340041134122 
223345 -477929 836.277 -51366.9 -50771.2 45080.9 0.648371980912488 
222553 -476544 1422.47 -21826.7 -47414 42674.6 0.6746157831119024 
224400 -477655 2247.51 -21853 -58773.1 69424 0.700033265335669 
225566 -477653 2518.74 -36822.3 -42715.2 122080 0.7245932943464432 
224269 -476222 3798.49 -39625.3 1789.15 119132 0.7482657871798442 
223808 -473424 3600.41 9330.03 13257.5 82640.5 0.7710217479923221 
224306 -468947 2180.07 50094.8 -276.756 88069.7 0.792833303577451 
225515 -466948 1538.13 51859.7 16057.6 100340 0.8136737375071054 
228949 -467524 -34.6341 27897.3 45392.1 73040.7 0.8335175228557548 
229749 -469581 -1419.22 37796.4 35224.7 34873.9 0.8523403534677526 
229423 -469932 -1642.32 34115.6 19024.3 45977.2 0.8701191737293371 
230151 -473799 -2139.56 19711.4 28021.4 55463.1 0.8868322068088755 
230092 -475359 -2486.16 26631.3 57854.3 46613.6 0.9024589813307597 
228194 -476320 -1953.9 36811.9 104616 36198.6 0.9169803564502815 
226398 -477677 -759.933 42945.8 83440.2 13030.3 0.9303785452987733 
225257 -476834 -248.082 25816.4 68477 -74250.7 0.9426371367702988 
226446 -475775 -573.218 -2328.47 45234.1 -129268 0.9537411156232052 
225899 -475598 -817.289 -39017.7 41394.7 -129780 0.9636768808719165 
224931 -476435 -560.67 -55225.9 12092.8 -104121 0.9724322624464408 
225126 -478337 177.023 -39723.7 -19551.3 -71319.6 0.9799965360991829 
222655 -478614 1043.51 -10710.5 -28243.4 -51321.1 0.9863604365408081 
224106 -477076 1926.57 -12436.9 -12672.9 -44942.9 0.9915161687890618 
226488 -474372 2163.75 3585.09 -15709.8 -50173.5 0.9954574177166485 
226859 -473627 2240.77 -6010.84 -31428.1 -61374 0.9981793557864733 
227225 -473530 1350 -12177.3 -25715.1 -81008.4 0.9996786489647708 
226684 -472716 586.96 8715.79 -31356.2 -72209.6 0.9999534608048795 
225803 -472189 957.61 -10466.4 -61681.1 -39712 0.9990034546966599 
226667 -471309 901.363 -29666.5 -94954.4 13366.2 0.9968297942787989 
227220 -470967 -548.644 -2456.49 -109041 72158.3 0.993435142013499 
226191 -472490 -1274.56 14860.3 -83316.1 114978 0.9888236559252941 
226732 -475342 -740.517 26688.1 -62314.6 185644 0.9830009845079897 
228237 -476264 -682.662 18980.1 5327.33 185267 0.9759742598059655 
227448 -477659 -1232.85 10496.9 71002.7 125281 0.9677520886783093 
226047 -476906 -743.715 25762.2 80237.7 84876 0.9583445422564955 
224825 -473728 486.467 16901.5 72647.5 26421.4 0.9477631436085054 
225038 -472450 798.575 -6777.78 50635.8 -14151.4 0.9360208536245112 
224808 -474184 702.882 -7216.64 82609.5 -23349.8 0.9231320551414053 
225458 -474838 110.322 -30289.3 59393.8 -45973.3 0.909112535325624 
225352 -474895 -379.452 -65542.2 31251.4 -73444.4 0.8939794663358434 
225766 -475228 -606.797 -39573.8 34947.7 -91336.5 0.8777513842892312 
226109 -475891 -367.981 3353.31 16988.2 -105477 0.8604481665570219 
225719 -475228 338.653 16313.4 -13033.8 -90183.4 0.8420910074172225 
226394 -474273 1108.39 11561.4 -31421.9 -57552.5 0.8227023920942721 
226426 -474455 976.723 7623.24 -29927.2 -49761.8 0.8023060692174534 
226271 -474318 1157.73 28726.1 -25777.9 -36309.1 0.780927021731792 
228496 -474943 665.701 33432.1 -56137.1 -12584.1 0.7585914362970725 
228178 -475484 -198.117 49670.6 -63940.3 13211.2 0.7353266712124551 
226086 -475185 -382.271 43300.8 -26419.7 31308.9 0.7111612229059799 
222938 -473764 -1039.56 -5746.94 -27542.1 27160.8 0.6861246910300061 
223689 -472957 -532.379 -28886.7 -23408.3 33267.5 0.6602477422053391 
225477 -475028 237.587 -8884.91 3704.59 30593.5 0.6335620724584549 
226006 -475813 398.382 -27319.9 -6594.64 16954.6 0.606100368397831 
226124 -476224 177.44 -42438.7 -4982.98 36881.5 0.5778962671769388 
227078 -476306 687.665 -27745.2 -1225.74 88525.1 0.548984315292936 
226277 -476057 1155.98 -19304.9 5501.17 93823.4 0.5193999262715286 
226525 -475124 1381.3 -13747.8 25472.6 46994.3 0.48917933728982926 
226183 -471325 1202.32 3977.72 47414 8907.49 0.45835956479035045 
225640 -470354 217.268 26362 40102.2 -26364 0.4269783591404783 
225054 -472559 -141.811 32308.2 34558.4 -5959.88 0.3950741583930123 
225216 -472917 -357.266 17594.2 46328.6 -19113.7 0.36268604120434406 
227099 -472907 -1120.21 -15882 40873.9 -52921.5 0.3298536789679936 
228751 -473128 -1782.56 -12410.2 13583.1 -74825.6 0.2966172872221128 
227635 -475499 -1441.87 1615.11 -12433.3 -70720.6 0.26301757639048007 
225333 -478421 -267.194 19121.7 -37752.9 -48123.7 0.22909570191732184 
225246 -477685 368.647 14715.2 -36372.6 -33159.6 0.1948932138570399 
226384 -476327 592.764 8899.62 -28752.3 -18670.4 0.16045200598059034 
226236 -475773 1087.75 28681.4 -36215.9 -13.8125 0.1258142644608529 
225915 -474174 1245.76 4266.1 -34410.8 23015.2 0.09102241619984433 
226208 -474755 888.695 -20644.8 -26718.1 33896.6 0.05611907686106898 
226529 -475535 412.96 3488.31 -20299.6 44881.9 0.02114699867065973 
225957 -474781 647.99 -13096.8 -10361.5 14377.7 -0.013850981948752816 
224652 -473240 254.924 -45253.8 -4559.26 24234.4 -0.048831996847301565 
224592 -473449 -128.385 -34492.2 -1814.87 64117.2 -0.08375319865600596 
224914 -474727 -143.321 -14223.4 13039.8 59754.2 -0.11857181326944106 
224386 -474762 177.963 -1256.07 31058.5 39789.4 -0.15324519223866792 
226075 -473487 438.9 2377.3 40644 18881.1 -0.1877308650102505 
228265 -474026 -495.066 4686.81 49073.6 -10261.3 -0.22198659094737266 
228269 -474884 -213.365 21438.3 63824.9 -33540.7 -0.2559704110693365 
228399 -474878 85.2309 25767 27676.3 -67756.4 -0.28964069944606646 
228199 -474992 -108.005 28031.8 9568.32 -79329.3 -0.32295621418466897 
226003 -475813 -253.924 32244.5 -9140.25 -69159.5 -0.3558761479455936 
222585 -475144 566.069 12170.5 -31069.4 -47629.3 -0.3883601779265214 
222005 -474514 1129.82 -4621.65 -59414.7 -22313.7 -0.4203685152527523 
224565 -474428 523.031 -4920.65 -57428.5 10666 -0.45186195371361393 
225792 -473139 65.3011 -8789.88 -42532.6 26301.8 -0.4828019177851478 
226464 -473350 -52.1746 -17235.6 -27911 49602.4 -0.5131505098803153 
226608 -475346 -313.187 -19228.7 -532.42 53887.3 -0.5428705567687994 
226999 -475812 -588.862 -33075.6 13067.5 59733.2 -0.5719256551095638 
227422 -475084 -348.372 -16037.4 37393.2 63023 -0.6002802160403934 
227036 -475377 142.937 19974.5 52495 28186.9 -0.6278995087697999 
226290 -476141 203.819 27607.8 37512.3 -1888.79 -0.654749703117899 
226020 -477060 405.576 1658.15 33696.2 -25413.8 -0.6807979109541498 
225304 -475666 881.817 -9329.53 35471.4 -73914.2 -0.7060122264812025 
223905 -473343 712.089 -5786.47 -4577.89 -85609.9 -0.7303617653155106 
224739 -473842 960.981 -1364.31 -42639.9 -49860 -0.7538167023168382 
227479 -474920 572.226 -9339.24 -50611 -14059.9 -0.7763483081203274 
227589 -473811 -359.393 16593 -34986.6 28936.4 -0.7979289843263785 
225782 -472334 -961.258 41701.2 -13085.8 51867 -0.8185322973052372 
224760 -473270 -319.643 26127.3 -1573.71 33382.1 -0.8381330105748865 
226071 -475966 236.369 -5086.33 11352.8 23295.9 -0.856707115712581 
226388 -476704 109.716 -35096 20504 2795.11 -0.8742318617621626 
224242 -475840 -146.54 -20987 4474.33 -11706 -0.8906857831011372 
224198 -474780 453.61 -13254.5 -11518.7 -20034.6 -0.9060487257333777 
225587 -473869 573.329 -31756.3 -11964 -17148.6 -0.9203018719752492 
225554 -472208 528.27 -38635.2 2695.71 15373.6 -0.9334277635049181 
226039 -471741 432.538 -3904.42 6168.91 33254.6 -0.9454103227466136 
227443 -473427 192.483 29703.7 4733.29 15985.9 -0.9562348725636476 
226006 -474699 -270.974 32975.4 1850.4 2522.26 -0.9658881542360713 
225363 -475621 -542.385 37549.2 13441.8 -6675.21 -0.9743583437009491 
225035 -475537 -141.327 36249.4 7057.82 1130.52 -0.9816350660353595 
225025 -475558 -8.49075 19990.1 -446.335 16645.8 -0.9877094081643745 
224633 -475677 -40.0011 -3235.64 7956.36 -11395.5 -0.9925739297784637 
225787 -475855 -469.615 -20293 16248.7 -19638.2 -0.9962226724469438 
227014 -476441 -370.861 -22321.8 23267.7 -17139.7 -0.9986511669163103 
226986 -476141 503.319 -17587.1 27502.9 -31840.4 -0.9998564385845139 
226465 -474086 1659.37 -11578.9 -2743.64 -48478.3 -0.9998370111444767 
227279 -473605 1695.19 -14414.8 -35708.2 -22081.5 -0.9985929083923833 
226380 -473572 1060.25 2236.63 -53037.3 -4835.36 -0.9961256541985339 
225558 -473352 347.519 14774.1 -54901.8 -1556.66 -0.9924382706407932 
225045 -473338 24.6776 12170.8 -28940.7 22852.9 -0.9875352743029233 
224959 -472137 -632.772 5143.16 -5727.49 45687.6 -0.9814226707423331 
224679 -472507 -506.156 -2635.17 -4599.08 38022.8 -0.9741079471340219 
225637 -473105 -719.656 -9444.96 6408.05 35812 -0.9656000630997257 
225353 -474689 -958.398 -27332.6 36842.4 39486.9 -0.9559094397335013 
224762 -476820 -582.107 -27327.9 53885.1 16413.7 -0.9450479468371893 
226247 -477474 -362.243 -13932.8 52227.4 -21344.6 -0.9330288883813908 
226795 -477265 233.581 15931.4 23575.7 -34728.4 -0.919866986209767 
226081 -476246 904.679 22712 -3808.13 -26272.4 -0.9055783620066223 
225108 -475562 1528.86 7052.3 -9432.29 -13109 -0.8901805175498563 
225117 -474140 1473.18 23331.5 -13899.4 2339.73 -0.8736923132734745 
225563 -472658 1255.9 11450.3 4007.84 -8515.12 -0.8561339451659155 
224990 -471806 535.267 -7767.54 3931.85 -23243.5 -0.83752692003249 
224078 -473062 -422.672 -8883.19 -11971 -18094.2 -0.8178940291522343 
225027 -474244 -408.109 -1632.16 -20283.4 -10603.3 -0.7972593203614453 
226769 -473857 -105.805 7706.02 -23302.3 -10076.5 -0.7756480685980796 
227192 -473520 21.3036 6347.93 -6047.72 2443.03 -0.7530867449431273 
227918 -474339 -535.029 21433.7 3612.5 7927.24 -0.7296029841968409 
228416 -475627 -543.006 32230.9 -19592.5 9359.37 -0.705225551029561 
227773 -475815 -676.236 4907.73 -21105.4 21221.1 -0.6799843047485932 
226887 -476133 -524.668 -16287.5 7811.83 26709.9 -0.6539101627242901 
225484 -476633 125.35 -23521.7 12448.2 20270.4 -0.6270350625201391 
223459 -475665 777.422 -33285.2 1082.76 10136.5 -0.5993919227732399 
222152 -475361 685.82 -32994.8 9666.27 1829 -0.5710146028730916 
221499 -474219 1049.84 -19420.7 12584.8 90.342 -0.5419378614880738 
222452 -472821 822.623 -18165.4 17892 -7861.58 -0.5121973139904245 
224406 -473084 410.867 -10683.6 15950.3 -4924.03 -0.48182938883186266 
226858 -473171 284.525 6167.71 18698.3 -14144 -0.4508712829232904 
227887 -473964 -52.7654 20878.6 -2500.8 -29048.5 -0.4193609160732281 
227717 -474253 -129.905 37804.1 -36271.6 -6732.96 -0.387336884540791 
227334 -474837 -93.9025 54336.2 -28681 18863.9 -0.35483841376009795 
226839 -474238 -204.16 49969.8 -15227.6 11786.2 -0.32190531029401986 
225575 -474341 -282.267 15234.9 4942.73 7159.53 -0.2885779130761175 
224464 -474867 317.979 -19491.8 19543.8 7313.27 -0.2548970440004927 
224049 -474893 368.89 -32997.6 15581.2 -5132.54 -0.22090395792007203 
225569 -475622 10.006 -26282.8 23337.2 -7938.6 -0.18664029211457148 
225899 -475142 -141.384 -16728.8 15057.7 -8879.77 -0.1521480152900349 
225667 -475084 59.3411 -10263.7 -3530.99 -26299.7 -0.11746937617241747 
225052 -474860 -61.4172 -31077.7 -19871.4 -25649.7 -0.0826468517581792 
224576 -474461 329.061 -34387.9 -16031 -10961.6 -0.04772309528527613 
225570 -475287 622.399 1334.99 -4469.23 4250.8 -0.012740883988280967 
226387 -475457 485.17 42180.4 -16901.9 19008.3 0.02225693329839436 
226189 -475115 482.248 42932.3 -28758.8 25806.5 0.05722748862494139 
225910 -473535 668.541 26629.4 -17017.2 24414.9 0.09212794743404733 
225339 -471985 471.573 19420.4 4171.05 10790 0.12691556102786788 
224998 -472713 32.7765 2952.13 17271.7 11843.6 0.16154771892983658 
225832 -473985 -302.397 -28076.1 31374.5 11886.5 0.19598200107717012 
224884 -474276 -1028.7 -40417.5 27978.6 -2436.39 0.23017622978014093 
224895 -475090 -1249.09 -33074 16850 -8845.39 0.26408852138447286 
224839 -475714 -791.977 -20658.1 4965.43 -19490.7 0.29767733757358006 
224895 -476764 188.569 -2894.15 -2307.67 -20967.6 0.3309015362478109 
226112 -476976 767.101 5229.18 2766.15 -9323.43 0.36372042191837495 
225411 -475643 1242.59 24158 1320.3 8521.2 0.3960937955542283 
225198 -474709 1768.38 20345.1 -4278.73 6325.68 0.4279820038208595 
226028 -473597 1622.29 18408 -6095.62 3798.44 0.45934598765066603 
226180 -472104 1164.73 37017 -14637.3 -7757.6 0.4901473300854277 
225688 -472005 720.004 24473.3 -17913.6 -13023.1 0.5203483033322767 
225807 -472953 -481.225 -481.404 -10703.7 -2238.43 0.549911914975526 
226167 -473562 -1115.89 -15732.5 2476.49 3433.43 0.5788019532877531 
225895 -473882 -831.111 -18142.5 4760.73 -2236.32 0.6069830315846372 
224145 -473860 -473.82 -21543.3 -3442.89 -23693.6 0.6344206315692235 
224504 -473986 -210.672 -40985 -7170.16 -20249.5 0.6610811456125195 
226274 -474487 -401.779 -35919 -19945.3 1548.69 0.6869319179186393 
225828 -475417 -688.097 -6830.12 -25726.1 25310 0.7119412845240685 
224975 -476109 -520.302 9048.18 -5008.52 40960.5 0.7360786120820613 
224277 -477068 181.325 18748.1 12683.2 38268.3 0.7593143353846565 
224411 -475802 809.218 39607.5 26506.9 20457.9 0.7816199935763704 
226091 -474545 803.695 43426.8 22416.2 -995.178 0.8029682650151706 
227381 -474216 729.558 10260.2 22239.4 -17490.6 0.8233330007380816 
226988 -474178 271.721 -6280.38 22217.4 -20263.7 0.8426892564903913 
225598 -473887 162.458 -7677.36 18637.5 -19235.7 0.8610133232792445 
224885 -473523 210.342 -12602 -3499.51 -19412.1 0.878282756414194 
224906 -473865 697.314 -13449.4 -27442.6 -8236.87 0.8944764029991398 
224590 -474233 1006.08 -13295.3 -27999.9 3850.41 0.909574427841982 
225258 -474514 530.33 -15307.1 -398.929 9716.25 0.9235583377502505 
224998 -474310 -19.1623 -6268.97 11389.9 5293.42 0.9364110041829533 
224026 -474009 -127.516 -6698.31 6426.9 -5779.46 0.9481166842308973 
224688 -474052 326.146 9029.97 -2563.19 -1077.11 0.9586610398997839 
226691 -473852 254.895 20837.3 1066.25 7385.07 0.9680311556724585 
226728 -473905 -348.508 7652.73 -7837.5 -11772.9 0.9762155543288039 
225661 -473771 -1121.21 -6156.01 -6832.24 -18974.6 0.9832042110039008 
224941 -474459 -760.665 15113.4 -3221.33 -5179.82 0.9889885654672324 
224820 -474827 280.729 22212.5 6130.26 -1122.67 0.9935615326078971 
225013 -474985 710.064 87.2591 1975.76 -7748.88 0.9969175111129834 
225639 -474616 188.806 -14715.9 -10966.1 -10301.3 0.9990523903284776 
225693 -474631 19.6895 -10301.8 -17642.3 7413.86 0.9999635552943008 
226003 -474282 194.163 -13597.4 -13041.8 19368.2 0.9996498899473083 
226462 -475086 207.809 4709.77 -3765.37 30159.1 0.9981117784883272 
226280 -475229 291.939 2189.64 6464.66 22472.3 0.9953511049115588 
225837 -475162 349.048 -10116.7 12266.8 12757.4 0.9913712506969206 
225655 -474970 175.372 -11820.1 13646.7 22188 0.9861770906681567 
225678 -475287 233.593 -7138.98 4190.94 23253.1 0.9797749870217891 
225376 -475545 454.646 9242.19 4289.21 11587.2 0.9721727815342197 
225931 -475038 666.039 4368.39 22620 -15448.8 0.9633797859565385 
225691 -473792 1062.61 -2846.24 30416.2 -38935.1 0.9534067706087906 
224039 -473435 284.115 -7325.39 28907.2 -55207.3 0.9422659511876815 
223418 -473328 -531.114 -5647.43 5139.28 -59404.5 0.9299709738038765 
223453 -472715 -218.987 2465.56 -29354.3 -45959.5 0.9165368982672207 
224364 -472722 -207.837 9323.12 -35018 -30241.5 0.9019801796403563 
225517 -473499 24.9103 13269.1 -36160.3 24.2824 0.8863186480833272 
226914 -474876 141.902 24300 -38222.8 40358.7 0.8695714870138639 
227020 -475548 15.6322 21618.1 -32175.4 55151.5 0.8517592096100943 
226549 -475518 -194.635 888.819 -15410.9 60434.7 0.8329036336844668 
225761 -474683 -153.009 -13324.2 12277.3 51049.4 0.8130278549596576 
225392 -475068 -188.234 -25488.1 36383 34159.6 0.7921562187791983 
225036 -475597 74.2864 -15742.8 47197.2 19062.9 0.7703142902874751 
223641 -475152 325.31 -5350.6 36635.2 -8949.95 0.7475288231156232 
223664 -474680 59.8548 -10714.4 22039.5 -31912.5 0.7238277266116743 
224790 -475017 214.769 -4960.51 18220.5 -34956.2 0.6992400316550952 
225400 -474408 731.498 6782.18 -10022.5 -31077.3 0.673795855097591 
225603 -473771 983.305 16623.2 -24550.2 -18109.9 0.6475263628737271 
226408 -474226 773.273 17333.1 -19111.2 -14975.1 0.6204637318265571 
227793 -473313 579.713 10127.1 -7006.08 -22277.7 0.5926411102950138 
226908 -472581 146.524 -1812.77 -3215.46 -9459.52 0.5640925775113383 
225111 -472648 -315.462 -2209.08 -7335.97 729.13 0.5348531018582833 
224170 -473727 -244.68 1544.98 -14405 6115.18 0.5049584980372153 
223512 -474850 -118.189 -1310.65 -1693.66 16372.8 0.4744453831995887 
222959 -475450 -47.8307 -2657.17 7253.69 20958.3 0.4433511320955005 
223802 -475499 -243.451 -910.328 2884.64 14361.5 0.41171383129431416 
225155 -475943 -478.24 -22395.4 5900.06 -2128.41 0.37957223253336236 
226632 -475947 -259.671 -19498.7 1667.58 -5471.9 0.34696570525191744 
227278 -475260 166.967 -8658.19 -7776.78 -183.888 0.3139341883685516 
226756 -474744 269.208 -4256.93 -17622.3 961.941 0.28051814136095554 
226830 -474136 75.9016 12924.2 -16650.1 5019.21 0.2467584947081379 
226091 -473662 285.588 28739 -5306.95 3745.4 0.21269659975570668 
224750 -473191 751.217 24525.6 2975.6 -1332.79 0.17837417806564151 
223722 -472960 1060.2 8179.21 2924.76 5770.99 0.14383327031259774 
223712 -473622 923.369 -15372.9 20977.1 12162.3 0.1091161847893367 
224500 -473728 602.412 -14304.4 31638 673.564 0.07426544558435777 
225038 -474220 68.9935 -6276.95 24441.7 -21131.1 0.03932374049520748 
225771 -475132 -418.75 -5635.4 2016.19 -28957.1 0.0043338687412654495 
225920 -474918 -311.025 661.237 -28853.2 -9739.74 -0.030661311459947452 
226190 -473885 74.748 2312.28 -21610.2 14007.6 -0.06561893538872622 
225911 -474211 -20.8303 618.077 -9233.22 19821.5 -0.10049618432710333 
225266 -474882 -555.143 11022.4 -5197.83 16714.3 -0.1352503380064238 
224169 -474164 -444.463 9857.59 5666.4 10858.1 -0.1698388269343323 
223461 -473403 193.154 -3783.34 12662.6 10688.4 -0.2042192845370782 
224774 -473859 436.015 -8415.69 12464.8 3401.05 -0.23834959905327036 
225847 -474277 109.184 -9673.04 17020.1 -13441.3 -0.2721879651155191 
226127 -474139 41.462 233.49 18118.5 -19147.4 -0.3056929349567836 
225897 -474424 221.818 2313.75 7419.76 -24844.5 -0.3388234691787035 
225529 -475538 333.673 7968.02 -9555.85 -24047.1 -0.3715389870197301 
225744 -475267 374.043 2503.35 -25135.2 -14366.4 -0.4037994160614815 
225653 -475134 494.576 -8989.91 -21270 -4654.04 -0.4355652413124572 
225638 -475173 188.796 -11425.4 -11014.6 6821.58 -0.46679755360894193 
225022 -474528 156.286 -6016.36 -24201.2 8582.44 -0.49745809727387874 
223641 -473593 711.689 3571.72 -20486.8 25095.3 -0.5275093169752864 
223524 -472835 815.414 3863.92 8293.39 37441.4 -0.5569144037268448 
224195 -472732 419.694 13774.1 26070.5 24038.2 -0.5856373399743005 
224831 -472747 160.831 15657.7 25204.2 4042.51 -0.6136429437124667 
224476 -472548 22.7665 3434.01 17859.6 -11437.8 -0.6408969115787804 
224743 -472484 -138.693 -5209.64 4924.67 -7532.37 -0.6673658608706314 
225952 -473980 -578.3 -10277.6 -3595.26 -6335.84 -0.6930173704349996 
227445 -475364 -952.955 -18154.1 1583.1 -7329.74 -0.7178200203803121 
227769 -475844 -475.891 -13857.4 4700.28 -14299.6 -0.7417434305618824 
226550 -475529 -53.4194 4.07469 3243.44 -22685.2 -0.7647582977937882 
225266 -476322 670.637 7847.75 -8062.28 -18820.3 -0.7868364317416101 
225260 -476110 959.025 9354.07 -19724.7 -5416.42 -0.8079507894520658 
224720 -474023 635.104 16196.5 -16352.3 18813.4 -0.8280755084772465 
223368 -472074 394.74 14311.4 421.768 34762.5 -0.8471859385528818 
222699 -472073 4.06933 9220.33 6549.05 15770.8 -0.8652586717918305 
223359 -474333 -538.818 1048.03 9936.75 -7574.61 -0.8822715713558156 
223653 -475518 -362.851 -7629.31 11635.1 -18401.8 -0.8982037985702829 
224347 -474981 142.477 -21944.9 4846.02 -20630.6 -0.9130358384491714 
225769 -474444 585.978 -20089.7 -6502.74 -14450.1 -0.9267495235983312 
227642 -473264 664.108 -4869.25 -17587.5 -7448.82 -0.9393280564683096 
227992 -473348 448.364 -1206.99 -14361.9 4150.1 -0.9507560299292483 
226882 -473719 509.443 7802.17 -9303.37 14699 -0.9610194461426913 
226343 -473944 460.143 7435.64 -2510.23 25420.5 -0.9701057337071853 
225633 -473554 141.254 6590.2 11661.8 30254.8 -0.9780037630566786 
224179 -473465 -116.267 3219.42 13702.2 18930.4 -0.9847038600928416 
223157 -474732 -410.664 9712.27 13654.5 2822.03 -0.9901978180346319 
223150 -475668 -712.716 15328.8 14510.1 -10419 -0.9944789074705738 
223096 -475311 -328.102 8000.31 12864.3 -22869.5 -0.9975418846014453 
223482 -473951 509.235 -2641.73 -3579.24 -23275.4 -0.9993829976632773 
224997 -473025 559.814 -5545.22 -11173 -15561.9 -0.9999999915227947 
226402 -473209 453.872 -20277.8 364.163 -11685.8 -0.9993921104396728 
227261 -474398 500.918 -28212.5 1781.69 -10512.3 -0.9975600989922246 
227283 -474418 330.079 -17683.5 -4239.71 -2347.63 -0.9945062011653859 
227325 -473865 42.6289 988.636 -8416.43 10050.3 -0.9902341576021139 
226203 -473794 -44.9046 18188.9 -15260.2 17929.8 -0.9847492010215672 
225083 -474521 -15.0347 19002.3 -1554.55 18464.5 -0.9780580498096799 
223873 -475341 -197.453 13578.5 8194.44 12619.6 -0.9701688997899784 
222412 -475536 -78.2259 5199.6 10199.1 -4712.48 -0.9610914141847224 
222212 -474401 94.7912 7676.48 5630.31 -15469.3 -0.9508367117786664 
222968 -473074 132.714 -361.405 -7441.52 -15229.9 -0.9394173532999378 
223674 -472549 364.96 -13895.6 -12429.4 -12941.3 -0.9268473260347173 
224857 -473349 620.735 -13972.2 -14274.2 -1096.62 -0.9131420266945606 
226385 -473861 732.771 -11591.8 -5910.56 3954.07 -0.8983182425573532 
227959 -474118 384.016 -2671.86 -379.558 13598.7 -0.8823941309049937 
228235 -473888 259.032 6543.13 6622.72 18313.4 -0.8653891967829944 
227205 -474097 268.845 6209.45 18919.4 12564.2 -0.847324269109239 
226167 -475015 -91.7983 -1294.93 20873.8 -1208.02 -0.8282214751611633 
224325 -475259 -376.774 -8823.03 9323.32 -229.544 -0.8081042134726091 
222390 -474677 -528.367 2072.53 -1712.65 320.981 -0.7869971251735381 
221286 -473842 -218.356 17926.3 -9446.2 -4196.65 -0.7649260638077411 
222149 -474290 473.16 23161.2 -7380.23 -1245.02 -0.7419180636654715 
224185 -473786 601.889 6635.65 -2143.14 1206.22 -0.718001306669823 
225503 -473175 533.525 -10524.4 -3827.03 -12626.3 -0.6932050878573969 
226237 -473347 466.182 -13703.5 -6571.89 -20360.9 -0.6675597794955462 
226920 -473509 280.504 -15921.9 -1861.49 -9475.81 -0.6410967938801461 
227235 -474260 -268.029 -16493.9 -3692.48 3159.55 -0.6138485448594587 
226339 -475111 -406.317 -6685.45 -3824.79 2146.28 -0.5858484081312236 
225441 -474849 -134.582 7859.89 -652.069 15582.2 -0.5571306803616003 
224171 -474370 31.685 12508.1 -1833.51 22015.8 -0.5277305371760413 
223178 -474385 239.574 17612.5 3656.9 10036.9 -0.4976839900735502 
223270 -473913 191.371 16444.5 6343.7 573.294 -0.4670278423170975 
223476 -473307 339.433 3125.94 3945.15 -17414.4 -0.4357996438542263 
223883 -472906 624.375 -14719.4 5571.71 -20608.1 -0.40403764532306174 
224882 -473279 537.543 -14460.6 2033.55 -18472.8 -0.37178075120006265 
224678 -474326 132.5 1320.99 -5698.02 -2749.81 -0.3390684721469026 
224656 -474837 105.951 -1859.31 -5989.72 4466.05 -0.30594087661485003 
225685 -474255 126.504 -9577.62 -5653.97 7160.94 -0.27243854176592613 
226250 -474296 155.919 -12820.7 -5173.82 12408.7 -0.23860250377095504 
226094 -474365 -85.228 -433.998 -932.526 16212.3 -0.20447420754538637 
225787 -474369 -5.96557 7170.26 8587.97 12337.2 -0.17009545598445616 
224823 -473859 60.692 3551.64 14119.6 9658.38 -0.13550835875986758 
223834 -473552 78.2314 4738.98 10200.4 -797.489 -0.10075528074070882 
223658 -473279 348.604 10789.3 11519.2 -9133.15 -0.06587879010178596 
223824 -473390 253.904 13265.8 546.82 -11172.8 -0.030921606182935532 
223844 -473588 -65.6527 10391.1 -15404.5 -11252 0.004073452836839154 
224481 -473590 -286.874 -19.6833 -9806.71 -9024.34 0.03906352238626168 
225990 -473686 -262.647 -14298.6 2251.25 -4859.11 0.07400574400553642 
226430 -474523 -45.5237 -18106.3 -8.71166 -4372.25 0.10885731784259896 
225257 -475289 229.07 -7108.83 -7439.32 1134.66 0.14357555507758285 
224702 -475554 668.156 4476.35 -13702.9 10895.1 0.17811793021128586 
225150 -474563 949.465 9516.76 -4537.76 17550.9 0.21244213315358879 
224870 -473921 643.01 5903.75 4064.89 14020.8 0.24650612104802513 
223847 -473469 268.029 -4218.61 5779.7 -5445.64 0.28026816976902297 
223400 -473590 161.709 -8469.38 7471.19 -27322.9 0.3136869250287411 
223777 -473707 35.9327 -2838.76 -2231.09 -25074.8 0.34672145303090085 
223874 -473581 48.2861 5521.19 -10704 -8935.22 0.3793312906095673 
223775 -473657 215.412 -2010.52 -8661.92 10391.2 0.41147649479146825 
225193 -473510 303.229 -12127.8 3962.23 15996.1 0.4431176917211415 
226568 -473363 114.568 -8260.07 7884.01 13304.8 0.47421612488898424 
226678 -474310 -128.784 6871.93 7721.54 10599 0.5047337026031309 
226131 -474812 -365.654 13958.3 2924.19 10969.8 0.5346330446470124 
224901 -475451 -349.397 9174.13 2829.77 7561.35 0.5638775280654447 
223626 -474608 -106.427 1003.07 4688.27 -1791.76 0.5924313320231829 
223996 -473604 124.377 -511.28 -1312.83 -11504 0.6202594816809343 
224563 -474017 203.704 6973.92 471.891 -8790.2 0.6473278910352053 
223905 -474018 492.494 16449.7 -1021.5 -7730.4 0.6736034046693488 
223503 -473508 306.896 9055.23 -1780 -14174.6 0.699053838364847 
223978 -473643 61.5379 -8681.3 341.111 -6305.3 0.7236480185229127 
224589 -474457 196.123 -26113.5 816.734 -3405.91 0.7473558203482898 
225294 -474650 509.629 -24377 -810.284 9439.14 0.7701482047483219 
225490 -473951 378.229 -9565.86 5806 12020.4 0.7919972539022423 
225261 -473836 280.256 1388.31 9185.75 90.7975 0.8128762054569993 
224645 -474297 237.212 11033.1 6520.22 -5822.32 0.8327594853077798 
224138 -473634 110.95 18939.6 -6584.57 -7.19115 0.8516227389231183 
224225 -473720 -150.092 17329.9 -12903.5 -2481.87 0.8694428611761216 
223963 -474404 -212.206 1136.47 -14410.2 -10135 0.8861980246453891 
224005 -474049 220.076 -278.586 -9843.61 -5129.04 0.9018677063508469 
224086 -473591 305.772 4792.53 -5529.5 11750.4 0.9164327128918585 
225292 -473629 214.008 -2007.16 -2821.14 18989.3 0.9298752039567152 
226550 -474601 199.304 -12023.9 2786.7 9815.78 0.9421787141748109 
226423 -474981 48.7047 -16480.3 10327.1 525.44 0.9533281732846401 
225615 -473901 146.554 -11353.4 12802.4 -4233.44 0.9633099245930042 
225309 -473688 85.0476 -7046.63 6431.94 -1634.6 0.9721117417027341 
224939 -473904 -11.1762 -102.791 -1452.11 -1458.51 0.9797228434885145 
224416 -474578 -133.426 6266.78 -5487.45 -3249.33 0.9861339073024 
223730 -474949 123.25 12373.6 -1676.68 1691.26 0.9913370803929056 
222958 -474789 211.821 16736.9 617.163 7079.18 0.9953259895236339 
222899 -474625 357.334 15810.8 -678.169 -5773.88 0.998095748779703 
223158 -474495 542.158 10974.5 1011.14 -15850.6 0.9996429655523726 
224268 -474217 569.478 -6565.7 4342.46 -6404.92 0.9999657446945719 
225308 -474297 546.219 -22446.6 3365.96 1918.9 0.9990636908422139 
226205 -472898 272.736 -25325.7 4882.4 -3189.31 0.9969379088984686 
226382 -471825 30.3387 -13514.3 5651.5 -8016.23 0.9935910026803949 
226279 -472638 -158.274 811.082 3192.12 -2680.65 0.9890270717295885 
225494 -474447 -410.259 11152.6 -3745.79 -2802.29 0.98325170629076 
224395 -475367 -405.548 17137.3 -16317.5 2408.14 0.9762719804643791 
223350 -475357 -348.632 13329.5 -18807.9 13645.2 0.9680964435417879 
222703 -474817 62.5088 6354.45 -6189.14 14705.7 0.9587351095333936 
222617 -474492 360.219 -6324.3 3310.54 7105.81 0.9481994449027462 
224206 -474738 511.062 -5196.44 6384.81 751.964 0.9365023545215696 
225834 -474839 657.313 2127.3 4015.96 -1720.05 0.9236581658628901 
226341 -474557 655.096 -2350.1 5802.78 -4114.06 0.9096826114516927 
226263 -473639 454.941 -9204.96 11263.1 -4760.57 0.8945928095945248 
226208 -473026 330.686 -11316.9 10179.2 -5961.32 0.8784072434117334 
225426 -472833 103.702 -6430.76 4408.65 -1190.84 0.8611457381979297 
224398 -473121 32.1288 1741.69 -3824.48 3675.7 0.8428294371385087 
222967 -473799 -189.839 9234.08 -10141.9 8315.52 0.8234807754118625 
222366 -474349 -353.435 12860.3 -6554.56 4992.52 0.8031234527091224 
223326 -474774 -336.425 17711.1 -4255.86 -1147.25 0.7817824042049696 
224424 -475256 -173.483 12188.2 -3583.02 -4034.93 0.7594837700151964 
225111 -475078 226.592 -1487.93 -5432.53 -6864.4 0.7362548631782997 
225710 -474852 418.219 -13641.8 -2530.13 -11331.3 0.7121241362004594 
225610 -474170 443.252 -16474.2 4174.17 -10536.6 0.6871211462047392 
225440 -474039 651.422 -14626 8271.36 -5171.86 0.6612765187273455 
225185 -473582 630.524 -8092.7 2904.14 979.573 0.6346219102051353 
224734 -473292 571.237 2323.65 -4714.12 1688.73 0.6071899692004807 
224562 -473116 224.356 3800.86 -8749.33 2266.41 0.5790142964108201 
224809 -473399 -311.688 9730.94 -7410.97 9531.96 0.5501294035120495 
224561 -473673 -587.991 11148.3 3132.34 16231 0.5205706708859897 
224547 -473872 -446.839 11281.9 7045.61 18309.8 0.4903743042838895 
224266 -474110 -68.8934 7756.94 5151.72 11419.4 0.459577290478866 
224458 -474697 175.871 -4026.52 10872.1 -4173.97 0.4282173519617505 
224236 -474898 305.693 -5773.24 13949 -18765 0.39633290073577365 
224174 -474773 661.73 -13817.2 5590.24 -25263.2 0.3639629912666202 
224497 -474635 683.067 -22130.8 -8270 -15850.1 0.3311472726456436 
224913 -474051 400.141 -7767.21 -17620.4 -921.136 0.2979259400246348 
225124 -473414 174.791 10944.6 -8422.4 9389.3 0.26433968538184077 
225608 -473258 -95.236 16699.7 1215.2 10798.1 0.2304296476793258 
225700 -473301 -390.915 7630.45 2434.46 10543.3 0.19623736247294143 
225199 -473081 -278.129 -4862.36 1796.89 12102 0.16180471103640973 
224434 -473819 1.88503 -1235.41 1445.17 3095.56 0.12717386906205544 
223527 -474793 261.023 5249.2 1029.07 -8166.4 0.09238725500080097 
223236 -474586 391.802 12615 -1139.75 -11889.8 0.057487478104924564 
223918 -474065 583.094 7648.58 -2173.5 -13247.1 0.022517286236997898 
224656 -473621 666.888 -303.686 -5357.11 -6830.76 -0.012480486490843417 
225461 -473583 490.756 -5361.71 -4218.98 5490.83 -0.04746297218338766 
225915 -473990 38.7846 -8358.61 3084.42 11803.5 -0.08238732167010135 
225869 -473984 -72.293 -12228.3 2568.31 11800.7 -0.11721075699006178 
225133 -473642 -153.72 -17201.2 337.875 3248.03 -0.15189062378955318 
224586 -473877 -392.78 -10564.6 6331.03 -3814.68 -0.18638444356837275 
223786 -474360 -268.988 6166.52 10426.4 -7998.24 -0.22064996571062537 
224044 -474316 -4.28965 14422.8 2760.61 -14309.3 -0.2546452192365006 
224325 -474200 150.581 5554.93 -8267.1 -9077.25 -0.2883285642114191 
224422 -473871 376.543 6600.81 -9554.77 2373.54 -0.3216587427498009 
224597 -473108 733.988 7689.83 -3755.96 7800.59 -0.35459492955076083 
225167 -473162 648.502 321.592 -3423.15 7153.36 -0.3870967819040453 
225460 -473034 253.629 -4703.41 -466.32 3930.42 -0.4191244891047862 
224880 -473488 -148.161 -1656.83 7742.43 2429.4 -0.4506388212166178 
224410 -474197 -61.7233 1436.79 6961.73 252.385 -0.4816011771234877 
224459 -474516 33.1627 -2215.03 -1918.86 -4750.14 -0.5119736318111465 
224009 -474600 150.657 -7040.21 -8549.73 -2752.67 -0.5417189828205977 
223518 -474547 82.7966 -3393.75 -7372.43 7653.6 -0.570800795816415 
223630 -474369 -73.2012 -563.537 8563.28 8144.19 -0.5991834492142653 
224457 -473823 -130.193 6390.53 10415.5 8741.69 -0.6268321778129129 
224999 -473095 199.957 8128.78 -702.457 6917.99 -0.6537131153772031 
225215 -473277 673.94 4132.99 -9325.08 -7152.81 -0.6797933361200106 
225263 -473496 667.307 -1140.21 -6542.1 -17775 -0.7050408950321677 
225448 -473197 543.617 -10091.5 7430.38 -16949 -0.7294248670111482 
225469 -473331 128.661 -10123.1 16936.7 -8344.6 -0.7529153847404098 
225070 -473821 -114.332 -1000.1 6873.42 480.588 -0.7754836752731573 
224436 -474209 -153.766 5728.18 -8678.76 -42.0712 -0.7971020952755893 
223714 -473914 -139.006 7003.94 -15270.4 4608.93 -0.8177441648865118 
223053 -474297 -27.675 2048.83 -17686.7 10292.1 -0.8373846001518883 
222967 -474106 43.8739 -1207.98 -8504.75 8585.26 -0.855999343994488 
223633 -473250 209.64 707.974 5763.26 7997.75 -0.8735655956808283 
224595 -472879 385.819 775.378 16437.4 5115.53 -0.8900618387491933 
225163 -472731 542.543 -4317.73 24656.8 -2175.6 -0.9054678673646361 
225499 -473092 535.06 -10141.5 19203 -8612.99 -0.919764811068574 
225924 -473431 287.31 -9532.92 367.636 -10584.5 -0.9329351578927649 
225777 -473773 -79.4929 -1098 -18691.4 -9657.89 -0.9449627758092561 
224917 -474631 -261.597 4405.46 -24972.1 816.89 -0.9558329324901219 
223911 -474867 -300.722 10284.4 -13970.3 7459.67 -0.965532313352704 
222804 -474560 -170.852 7741.5 -3509.81 5503.53 -0.974049037868328 
222202 -473904 126.299 9617.32 3445.37 6913.61 -0.9813726741144495 
223270 -473732 283.628 11999.1 6392.85 2403.19 -0.9874942515524685 
224532 -473223 315.095 6748.7 2131.03 362.462 -0.9924062720155057 
225816 -472499 374.214 -5417.63 1937.81 525.302 -0.9961027188927292 
226536 -472719 362.485 -11881.2 10142.8 971.377 -0.9985790644989424 
225878 -473550 302.076 -12148.2 9346.89 -328.046 -0.9998322756204383 
225166 -474326 192.818 -7560.44 6090.89 -3765.96 -0.9998608172303026 
224544 -474006 -35.0336 757.144 5572.2 -9423.51 -0.9986646543686325 
223415 -473896 -118.96 4644.26 1076.69 -15151.2 -0.9962452521853574 
222625 -473511 20.7898 2788.88 -6805.96 -16812.4 -0.9926055741456119 
222469 -473087 434.262 -826.203 -14639.2 -7047.58 -0.9877500783998654 
223349 -473048 595.426 3923.72 -13734.2 8037.74 -0.9816847123232408 
224215 -473184 591.368 6709.25 -8589.96 19077.4 -0.9744169052307247 
224992 -473333 352.277 -5070.5 -2626.62 27472.8 -0.965955559277191 
225041 -473412 -4.7527 -9364.91 -1155.32 24792 -0.9563110385533636 
225213 -473506 -304.464 -10519.3 15235.2 12231.2 -0.945495156391115 
225576 -473919 -203.949 -8417.75 26467.7 -6074.55 -0.9335211608935963 
225710 -473797 -195.043 1932.33 20394 -23310.2 -0.9204037187079847 
225234 -473630 -280.355 4903.54 4523.44 -28305.9 -0.9061588970606558 
224290 -473744 -197.832 2806.92 -14386.3 -21820.2 -0.8908041440768614 
223553 -473860 61.6502 1364.03 -16794.1 -12497.8 -0.8743582674089352 
223146 -474151 184.896 5687.61 -13401.6 -173.546 -0.8568414111992947 
223382 -474032 406.808 3135.17 -9507.98 12293.9 -0.8382750314063597 
224800 -475063 559.329 3304.98 -1848.19 19065 -0.8186818695237146 
225875 -474985 743.33 4369.37 -6790.86 15083.4 -0.7980859247245918 
224822 -473234 888.205 11534 -6751.84 8088.14 -0.7765124244659181 
224681 -472691 463.327 21061.8 8499.26 68.7499 -0.7539877935878005 
224837 -472393 18.6296 8740.9 8334.45 -8887.41 -0.730539621946437 
224029 -472198 -42.9371 -5959.27 3252.28 -12761.2 -0.7061966306199556 
223417 -472064 -108.666 -5729.09 4623.24 -3843.02 -0.6809886367287237 
223363 -472491 46.8072 -8819.76 1926.51 4992.33 -0.6549465169130645 
223807 -473450 -39.9384 -12781.8 815.94 5348.48 -0.6281021695132742 
224010 -473591 -291.401 -16718.3 1467.33 1578.02 -0.6004884754981022 
224266 -473927 -286.042 -14969.8 -6250.54 -2509.71 -0.5721392581897196 
224319 -474082 -250.272 -691.125 -865.483 594.589 -0.5430892418343333 
224191 -474580 -203.585 11610.4 3734.7 6289.1 -0.5133740090693739 
223802 -474272 131.632 12691.8 3856.59 4137.38 -0.48302995733917276 
223935 -473600 626.2 847.751 -1660.02 -4680.47 -0.45209425431266087 
223835 -472948 932.589 -6936.01 -6273.81 -11354.4 -0.4206047923576422 
224061 -473117 955.511 -7728.96 -990.152 -5422.61 -0.3886001421273368 
224441 -473246 651.337 -6145.83 2848.18 1578.3 -0.35611950531620506 
225010 -472918 341.376 -8278.62 10724 6043.57 -0.323202666642722 
224481 -472814 107.783 -3928.46 10888.5 2658.45 -0.2898899451181248 
224873 -473169 -233.354 11333.2 5786.31 -2266.32 -0.25622214466061244 
224873 -473734 -351.408 9276.38 6592.09 -7522.17 -0.22224050411570234 
224361 -473946 -395.498 294.959 -3942.11 -9990.79 -0.18798664674374682 
223852 -473699 -335.158 -4767.66 -11052.4 -6058.86 -0.1535025292366991 
223174 -473232 -161.25 -4656.99 -5951.06 1512.07 -0.11883039032635669 
223061 -472535 307.607 -5454.17 -1642.92 10775.9 -0.08401269904725264 
223589 -472696 744.66 -5214.84 552.004 13616.3 -0.049092102717342684 
224168 -472975 592.763 -191.884 -2813.04 7398.95 -0.01411137470043012 
225170 -473258 315.871 4480.93 -7455.71 1979.31 0.02088663798591282 
225363 -473856 229.346 9562.64 -7415.34 -2533.25 0.05585906715252686 
225507 -474071 51.2086 13063.2 -3130.54 -3312.82 0.09076307594689363 
224881 -473710 -67.4373 9501.83 9944.2 -1759.85 0.12555591132286667 
223445 -473212 103.063 3071.94 23424.5 -989.997 0.16019495640786344 
222499 -472662 291.48 -5649.68 19630.1 65.6212 0.1946377827031486 
221930 -471494 139.674 -13457.5 5359.03 2713.43 0.22884220205349573 
223566 -473143 -211.867 -14952 5582.53 2416.96 0.26276631832234604 
225044 -474240 -205.696 -19162.4 -6827.44 -5960.03 0.2963685787093921 
224432 -473808 170.932 -13612 -16423.9 -7346.55 0.32960782464750726 
225561 -474853 397.676 16880.2 -11450.3 -1011.12 0.36244334221689806 
226682 -475086 390.582 16565.1 -15187.4 -3060.63 0.3948349120145109 
226022 -474455 254.434 8063.29 -15976.6 -3643.96 0.4267428584178182 
224931 -473777 129.029 19487.1 -4526.53 -3630.2 0.45812809818247463 
224877 -473221 169.876 12403.3 -8546.85 -4391.57 0.48895218831438503 
224183 -472692 332.952 -2271.82 -2362.57 -2391 0.5191773731576096 
223459 -472803 490.598 654.916 3508.54 9161 0.5487666306402712 
223325 -473314 254.793 -621.423 -4860.17 14298 0.5776837176220126 
223782 -473947 -334.59 -609.409 3926.91 11190.2 0.605893214287264 
223838 -473576 -476.509 -1649.86 13353.8 6347.25 0.6333605675301339 
224031 -473172 -181.517 -280.712 10307.2 -536.023 0.6600521332775985 
224469 -473065 210.97 5018.59 5284.21 -7265.41 0.6859352176993273 
225115 -472717 433.278 9092.11 -861.454 -11425.1 0.7109781172534947 
224497 -472776 573.442 5049.48 -3322.01 -15132.7 0.735150157519696 
223923 -472956 339.957 467.572 -7236.59 -6366.46 0.7584217307712359 
223562 -473180 119.37 -8441.99 -3820.92 7465.58 0.7807643322409303 
222964 -473167 220.834 -17504 -4443.5 13063.1 0.8021505950358448 
223415 -472824 334.439 -9847.92 -6043.97 6164.19 0.8225543236583518 
223867 -472976 143.339 -392.945 6887.65 1586.78 0.8419505260923049 
223845 -473173 51.1017 8814.34 12287.2 211.06 0.860315444415167 
224450 -473195 174.001 5402.79 9617.75 -3937.21 0.8776265838984627 
224626 -473480 -69.3304 2085.63 1951.58 -5460.08 0.8938627405610374 
224647 -473304 -192.567 170.718 -2055.45 -5041.74 0.9090040271412555 
224787 -473695 -78.4982 -319.189 -5779 -1681.3 0.9230318974564342 
224928 -473482 161.505 -2639.53 -9765.4 -830.112 0.9359291691195747 
224848 -473013 153.287 -6756.2 -8597.44 2340.92 0.9476800445856596 
224078 -472741 226.251 -6946.11 -3544.99 5722.38 0.9582701305016497 
223545 -472852 415.018 -7859.31 5454.54 1604.04 0.9676864553365585 
223050 -472521 435.654 -6629.42 9538.05 -4384.83 0.975917485269948 
223335 -472714 407.885 -4940.95 10884.4 -6426.85 0.9829531383194117 
224039 -473293 286.137 -5337.49 6307.59 -124.332 0.988784796689754 
223997 -473503 6.14079 -5010.3 516.918 -1139.02 0.9934053173287002 
224485 -473188 14.6295 4707.67 -3911.45 -2704.09 0.9968090406762516 
224709 -473521 56.4765 12367.7 -5763.89 362.184 0.9989917975969314 
224640 -473928 215.696 12872.1 -6823.67 5311.8 0.9999509144864596 
225127 -473680 305.611 14243.6 -4248.58 7428.61 0.999685216546581 
225024 -472941 260.131 12674.7 -1341.75 -1898.3 0.9981950292240471 
223866 -473207 -65.6161 1555.79 1776.46 -8323.36 0.9954821778119852 
223214 -473383 -158.12 -8131.63 4069.76 -3268.79 0.9915499852141401 
223093 -473008 -168.528 -9624.28 -2245.64 1835.18 0.9864032678747369 
222809 -472894 108.756 -9615.66 -1668.71 2732.66 0.9800483298789329 
223227 -472983 407.584 -10000.2 -691.911 12522.2 0.9724929552311097 
224034 -472816 373.171 -2105.69 3992.73 11255.5 0.9637463983204311 
225014 -472784 98.3671 5134.75 9325.8 1166.85 0.9538193725853856 
225154 -472554 241.473 3692.47 6437.89 -3044.02 0.9427240373911503 
224929 -472704 219.396 8349.9 2273.53 -6134.66 0.9304739831359042 
224878 -472974 175.803 11602.5 -4206.65 -8025.55 0.9170842146042731 
224172 -473242 -50.1046 -387.161 -10285.2 -5020.27 0.9025711325883633 
223046 -473478 -237.922 -5833.65 -10083 303.532 0.8869525137988216 
222769 -473417 -209.467 -2758.37 -6195.88 818.335 0.8702474890906102 
223343 -473147 77.5833 -3499.47 3002.42 -1808.56 0.8524765200300772 
223960 -473304 333.912 -3485.89 12119.5 -4782.53 0.833661373832123 
224437 -473066 574.966 -4875.74 10202.7 -4083.94 0.8138250966980595 
224476 -472830 612.188 -1099.42 736.219 -5358.25 0.792991985586905 
224763 -473169 574.733 4244.45 -9129.22 -1589.83 0.7711875584546615 
225005 -473216 347.477 1862.77 -9827.9 7218.21 0.7484385229979794 
224367 -472637 251.427 4259.78 -6527.29 9528.59 0.7247727439406045 
223697 -472108 148.465 1364 3744.44 9680.25 0.7002192089025383 
223683 -472347 -11.77 -669.764 10513.9 4834.23 0.6748079928938668 
223390 -472862 -259.049 -415.164 5847.74 -5175.3 0.6485702214765948 
223730 -473015 -278.753 -4239.3 4252.21 -10045.1 0.621538032639765 
224159 -473369 -251.946 -3350.15 3110.45 -9651.18 0.5937445374343981 
224224 -473333 -126.361 -501.867 274.086 -5239 0.5652237794166395 
224176 -472999 157.048 -3069.61 -2054.28 -591.709 0.5360106929486146 
224398 -473270 523.998 -8788.59 -1772.04 4737.93 0.5061410604082505 
224133 -473223 551.921 -1946.93 524.411 7885.85 0.47565146836028976 
224069 -472889 471.007 9246.15 2503.35 3861.16 0.4445792627423722 
223980 -472202 392.437 10500.7 -2492.07 -2198.66 0.4129625031208818 
223849 -471735 285.338 4833.53 -9032.32 -5947.54 0.3808399160727875 
223847 -471965 34.0516 2281.29 -11555.5 -6534.58 0.3482508477503777 
223859 -472628 -236.837 12.9003 -7271.12 -5815.85 0.31523521568719615 
223960 -472906 -346.537 102.964 2556.96 -1344.97 0.2818334599040019 
223984 -473225 -278.209 766.944 2782.64 5748.72 0.24808649337485422 
224031 -473553 154.632 -4239.89 -1563.78 17996.2 0.21403565191378157 
223931 -473592 417.382 -2180.26 -2604.21 14719.6 0.17972264354363274 
223441 -473377 565.755 -125.092 1080.86 2147.85 0.14518949740890927 
223466 -472761 635.387 2712.8 4393.95 -455.245 0.11047851229537467 
224042 -471892 377.34 130.839 7903.77 -542.816 0.07563220481927518 
224921 -471625 124.894 -7522.28 5617.37 -5165.52 0.04069325734985776 
224782 -471812 -214.662 -8424.34 -1182.03 -6258.58 0.005704465728755583 
224179 -472318 -280.516 -611.421 -1263.54 -6315.07 -0.02929131314954522 
223937 -473062 -137.092 6750.46 -1470.74 -8574.69 -0.0642512138320209 
224050 -473661 181.886 6412.52 297.732 -4970.04 -0.0991324148119795 
223927 -473771 321.598 3862.38 4386.81 -275.965 -0.1338921909799952 
223743 -473510 501.198 1678.64 5339.1 1374.17 -0.16848796595688115 
223404 -472927 525.86 -6142.48 -2573.76 -987.068 -0.20287736424437375 
223262 -472212 413.925 -11000.5 -1963.62 -1035.59 -0.2370182631298751 
223861 -471981 411.502 -6227.27 2213.91 4718.18 -0.27086884428145275 
224054 -472114 135.38 3801.12 6962.6 7734.46 -0.30438764497012266 
224104 -472601 -315.218 11879.3 4963.79 3008.39 -0.3375336088564523 
224175 -473022 -473.296 9766.89 -3209.99 -4053.76 -0.37026613627949695 
224414 -473268 -338.761 2568.71 -5070.11 -9966.64 -0.40254513398625363 
224247 -473192 -173.6 -4295.4 -3484.55 -8163.73 -0.43433106424093587 
223964 -473237 3.58908 -7545.81 -3494.37 -3257.99 -0.4655849932537032 
223588 -472825 308.736 -7210.56 -8476.25 737.202 -0.4962686388697371 
223356 -472455 630.892 -2857.78 -10048.9 5121.79 -0.5263444174600426 
223738 -472332 803.905 2918.29 -3192.21 7327.12 -0.5557754899567438 
223827 -472333 679.274 5726.67 2958.2 8898.28 -0.5845258069762871 
223753 -472235 446.783 1110.03 4922.53 5910.61 -0.6125601529754754 
224280 -472639 173.806 -2267.38 9677.43 2875.13 -0.6398441893860586 
224157 -473052 -205.297 -5715.44 11449.1 428.612 -0.6663444966752311 
224031 -472972 -391.516 -5487.28 4461.19 -2964.42 -0.6920286152803361 
223970 -473202 -401.836 5613.01 -7117.79 -6660.13 -0.7168650853678143 
223592 -473795 -280.263 14623.7 -13926.1 -6584.86 -0.740823485367524 
223318 -473934 89.793 12017.5 -9142.31 705.745 -0.763874469235396 
223801 -473613 373.55 1853.48 -4705.1 5392.93 -0.7859898023986527 
224446 -472944 475.54 -4845.44 -738.355 4678.34 -0.8071423963396154 
224472 -472401 635.414 -9929.91 2843.07 710.724 -0.8273063417757829 
224132 -471812 819.229 -9319.88 7353.01 855.569 -0.8464569403954284 
223984 -471899 550.152 -3812.18 12244.7 -1390.61 -0.8645707351099751 
224083 -472161 9.32687 -2465.58 14549.2 -2871.15 -0.8816255387859653 
223761 -472965 -149.239 3364.11 9243.5 -2046.17 -0.8976004614215546 
223535 -473389 -149.413 7431.63 3320.17 -2863.15 -0.9124759357341239 
223459 -473437 -155.523 4625.73 -2958.55 -7101.58 -0.9262337411277791 
223643 -473051 -127.605 2813.15 -8953.69 -4480.11 -0.9388570260112797 
223680 -472705 -88.2691 -564.518 -9864.5 368.684 -0.950330328439152 
223576 -472303 182.131 -6817.78 -8342.26 -3460.92 -0.9606395950506189 
223826 -472223 279.556 -12574.9 -4500.63 -5278.89 -0.9697721982832282 
224178 -472325 318.094 -7936.07 -484.678 1481.76 -0.9777169518400209 
224441 -472556 352.508 2387.14 1411.84 8088.94 -0.9844641243913603 
224068 -472746 346.461 9655.29 398.982 4135.18 -0.9900054514945819 
223727 -472792 259.237 9761.18 -1212.82 1845.54 -0.9943341457169127 
223725 -472576 244.891 2406.74 2086.73 -2669.63 -0.9974449049492187 
224240 -472607 171.966 -1658.88 871.671 -3178.31 -0.9993339189004327 
224240 -472760 -66.6882 -2389.38 -1122.41 1524.86 -0.999998873764679 
224114 -472687 -258.92 -4353.71 -2582.72 1932.36 -0.9994389550554 
224088 -472726 -247.827 -6796.33 -342.915 676.195 -0.9976548486029986 
223998 -472946 55.0488 -3778.21 1991.09 1674.41 -0.994648739714781 
223637 -472940 242.242 5309.26 -355.657 -679.211 -0.9904243104982317 
223662 -472710 400.246 11584.9 -4373.95 1761.08 -0.9849867353508884 
223748 -472527 505.859 8255.49 -4299.59 6089.18 -0.9783426746223529 
223575 -472397 424.484 4205.56 -1207.43 7722.63 -0.9705002664562006 
223544 -472223 207.306 2015.46 2908.26 5282.71 -0.9614691168217624 
223552 -472436 14.8816 -3424.09 6644.8 4230.99 -0.9512602877480261 
223587 -472826 -1.9505 546.839 7944.28 -898.188 -0.9398862837740196 
223783 -473110 48.5535 2092.24 7867.77 -11226.1 -0.9273610366323312 
224235 -472778 214.855 -6134.22 5245.1 -16636 -0.9136998881844598 
224119 -472468 397.932 -9255.04 -3148.42 -12881.6 -0.8989195716289744 
223578 -472073 425.048 -4310.06 -5398.08 -232.402 -0.8830381910054155 
223405 -471721 326.035 -3223.6 -2417.34 7607.08 -0.8660751990191348 
223354 -471719 195.66 -1065.39 523.954 8642.15 -0.8480513732141376 
223901 -472147 -4.42616 1535.17 1910.61 3542.92 -0.8289887905232176 
224401 -472994 -304.629 2562.62 8.92303 -7021.8 -0.8089108002264451 
224538 -473585 -482.363 3048.3 -1876.1 -9301.48 -0.7878419953512497 
224541 -473440 -250.863 5280.19 -4796.98 -3642.69 -0.7658081825490045 
224736 -472914 79.6917 2463.2 -1423.87 2456.8 -0.7428363504851399 
224419 -472301 428.8 -3398.36 -901.154 4526.85 -0.7189546367813662 
223990 -471903 514.837 -7766.58 -3653.94 3574.77 -0.6941922935506443 
223648 -471878 463.182 -6888.9 -5044.72 2917.17 -0.6685796515669656 
223214 -472061 370.498 -4986.46 -1418.1 3200.57 -0.6421480831139871 
222807 -472255 329.464 -580.234 3072.53 1626.6 -0.6149299635578651 
223021 -472354 212.968 5566.56 6723.38 374.85 -0.5869586316915235 
223555 -472634 -71.0117 10200.6 272.58 966.911 -0.5582683488987567 
224048 -472766 -188.734 8939.61 -7725.38 2765.77 -0.5288942571883641 
224122 -472581 -92.8752 2530.1 -6099.11 -445.126 -0.498872336149538 
224378 -472630 76.7987 608.276 -1079.51 -1915.12 -0.46823935888141244 
224656 -472883 323.512 -196.705 2872.24 -4958.85 -0.43703284695057365 
224359 -472732 498.04 1229.02 4064.82 -6467.44 -0.4052910244318504 
223772 -472704 609.359 321.78 5368.91 -3254.57 -0.3730527710886221 
223105 -472452 565.602 -5381.13 4088.74 1791.27 -0.34035757474992506 
222935 -472204 371.163 -8301.7 3079.39 5225.44 -0.30724548294285187 
223385 -472114 116.395 -4137.84 3202.07 7483.59 -0.2737570538392858 
223712 -471947 -91.1721 -1458.34 -1045.89 5004.73 -0.23993330657726547 
223910 -472140 -198.209 2152.15 -1985.68 -944.714 -0.20581567101761583 
224330 -472658 -242.435 3902.2 499.51 -2990.59 -0.17144593699760408 
224813 -472991 -352.587 3701.99 430.551 -6747.66 -0.1368662031435594 
224666 -472984 -203.942 3407.32 -122.963 -12329 -0.10211882530537589 
224229 -472815 182.041 962.138 -3178.36 -10836.3 -0.06724636467583664 
223852 -472636 372.642 -1655.55 -4292.5 -961.529 -0.0322915356585312 
223463 -472479 509.778 -3755.74 -5629.55 7302.91 0.0027028464520041204 
223315 -472476 487.809 -4076.04 -5985.36 11867.5 0.03769391791361141 
223021 -472731 382.686 -498.038 2032.56 12433.5 0.0726388190392921 
223124 -472521 214.183 -178.578 8802.36 9792.26 0.10749474669490734 
223750 -472390 -14.0801 380.348 8518.88 4612.81 0.1422190067277215 
223956 -472277 -175.299 115.734 4250.81 -5364.44 0.17676906626134406 
223683 -472281 -155.064 661.736 2569.47 -16311.7 0.21110260579324086 
223495 -472267 -21.8514 4681.02 -2000.62 -16318.4 0.2451775710307767 
224063 -472473 231.847 6335.36 -7497.9 -5835.04 0.2789522244025208 
224408 -472827 479.688 1876.53 -11848 2181.67 0.3123851961814975 
224320 -473039 522.735 -4230.64 -12154.6 1705.54 0.3454355351579831 
223836 -472937 357.213 -6889.23 -4797.49 2842.59 0.3780627587995629 
223227 -472752 180.754 -5182.4 5542.75 5077.17 0.4102269028372186 
222978 -472469 174.56 -4311.3 8355.7 8716.8 0.4418885702165392 
223075 -472287 251.119 -178.249 4489.29 10528.6 0.4730089793541682 
223386 -472498 143.171 5436.18 5036.23 5447.68 0.5035500116404376 
223650 -472629 71.664 5375.33 8363.7 -885.051 0.5334742581298482 
223973 -472499 -113.821 782.993 8855.6 -6359.02 0.5627450653623989 
224304 -472390 -148.345 -398.65 2490.68 -6503.85 0.5913265802594443 
224616 -472699 -87.9385 -154.459 -1154.73 -3224.65 0.6191837940392789 
224535 -472518 38.9485 1683.81 -497.766 -1682.84 0.6462825850984716 
224126 -472377 6.52344 2600.65 -549.033 -4288.31 0.6725897608066076 
223544 -472318 190.967 519.723 -725.212 -2268.21 0.6980730981630668 
223147 -472421 520.045 -2291.78 423.994 318.062 0.7227013832662121 
223269 -472366 695.267 -2909.68 -398.207 1115.29 0.7464444495464747 
223406 -472096 601.478 -3668.97 -2328.58 1960.96 0.7692732147166697 
223708 -471971 333.027 -1263.98 -7693.35 570.992 0.7911597163941222 
223444 -472275 57.9035 2473.39 -10571.7 1384.31 0.8120771463511273 
223456 -472451 -170.368 1734.72 -8348.06 1557.23 0.8319998833516404 
223723 -472271 -149.81 2712.83 -5391.04 -1772.58 0.8509035245341222 
224119 -472328 -117.676 218.628 -1867.64 -2603.91 0.8687649153019594 
223991 -472645 29.0428 -6876.5 3919.91 -2133.92 0.8855621776849818 
223939 -473127 72.471 -8696.58 6368.72 556.836 0.9012747371372103 
223952 -473169 218.115 -2330.08 4506.62 2396.85 0.9158833477381301 
224064 -472607 177.312 1577.14 4967.79 1869.05 0.929370115766512 
223636 -471936 268.16 2618.01 7230.32 194.026 0.941718521618006 
223350 -471843 272.856 2505.39 5350.07 -1368.35 0.9529134400395701 
223385 -471912 281.972 4318.58 -2187.16 -2257.83 0.9629411586560311 
223558 -472121 117.488 7983.42 -5434.11 -2334.51 0.9717893947660214 
223467 -472282 -42.6628 7664.73 -3496.47 -2323.97 0.979447310386748 
223580 -472706 -101.526 687.538 -1729.92 -2090.47 0.9859055255291777 
223562 -473093 55.6652 -7399.35 -2052.58 1490.39 0.9911561296873386 
223650 -473353 284.586 -7916.93 2154.38 4575.22 0.9951926915277113 
224042 -473165 342.774 -529.627 5571.29 4372.27 0.9980102667667997 
224316 -472605 366.729 1585.11 9250.43 425.686 0.9996054042272662 
224321 -471696 359.901 -1330.48 4234.31 -1762.37 0.9999761500651883 
224179 -471209 287.547 -2407.15 -2219.24 1055.89 0.9991220501632752 
