# Channels number
4
# Samples number
      1214
# Sampling rate
         1
# Start date
2014-07-20
# Start time
07:32:21.000Z
# Channels names
BHE,BHZ
-476834 185.968 
-476901 112.284 
-476822 194.605 
-476810 148.045 
-476772 144.263 
-476786 144.221 
-476741 155.974 
-476721 162.909 
-476710 148.766 
-476697 171.016 
-476724 146.663 
-476686 127.768 
-476666 156.485 
-476701 142.628 
-476699 162.633 
-476714 150.073 
-476669 140.135 
-476741 164.071 
-476703 158.008 
-476720 150.521 
-476747 133.636 
-476727 168.689 
-476748 153.345 
-476714 155.14 
-476731 140.055 
-476717 161.601 
-476691 127.797 
-476685 161.012 
-476728 145.403 
-476671 175.853 
-476680 120.618 
-476696 175.696 
-476703 142.266 
-476722 142.336 
-476656 172.143 
-476760 155.852 
-476661 158.102 
-476760 144.727 
-476684 143.423 
-476746 154.694 
-476712 169.903 
-476769 141.608 
-476706 133.551 
-476713 178.002 
-476690 133.491 
-476719 180.46 
-476707 143.565 
-476683 140.728 
-476689 137.845 
-476697 171.319 
-476629 145.752 
-476648 177.091 
-476635 115.708 
-476597 169.991 
-476615 137.003 
-476542 183.297 
-476661 144.216 
-476511 147.15 
-476613 167.783 
-476527 132.535 
-476558 174.206 
-476556 133.366 
-476526 141.907 
-476547 161.007 
-476505 155.94 
-476566 164.304 
-476549 117.116 
-476537 150.576 
-476563 151.621 
-476552 167.465 
-476574 170.179 
-476575 141.938 
-476550 128.424 
-476606 152.823 
-476529 153.442 
-476569 169.676 
-476556 141.108 
-476551 151.54 
-476512 146.518 
-476551 160.624 
-476486 153.737 
-476483 151.115 
-476495 155.944 
-476486 153.019 
-476530 155.894 
-476451 144.381 
-476472 165.815 
-476396 127.353 
-476499 160.919 
-476401 157.34 
-476466 142.805 
-476441 161.774 
-476418 135.449 
-476458 172.721 
-476423 158.439 
-476459 136.465 
-476490 156.775 
-476427 160.278 
-476547 146.531 
-476493 155.246 
-476497 152.835 
-476533 140.083 
-476550 166.87 
-476528 162.09 
-476525 123.831 
-476545 155.286 
-476524 149.508 
-476582 168.71 
-476543 150.566 
-476476 153.045 
-476571 158.316 
-476499 154.705 
-476544 143.629 
-476503 139.659 
-476568 167.001 
-476497 155.047 
-476524 178.544 
-476494 109.511 
-476514 189.421 
-476510 133.15 
-476477 169.941 
-476498 139.253 
-476434 160.815 
-476470 156.408 
-476440 140.445 
-476507 163.445 
-476387 135.329 
-476411 149.329 
-476405 165.231 
-476448 167.925 
-476380 129.888 
-476357 176.413 
-476325 132.354 
-476322 140.697 
-476331 172.183 
-476311 147.523 
-476320 177.075 
-476331 124.033 
-476308 172.376 
-476267 135.644 
-476357 182.203 
-476194 145.911 
-476299 136.676 
-476267 156.973 
-476223 189.948 
-476290 127.356 
-476287 154.582 
-476269 147.732 
-476238 157.245 
-476300 155.152 
-476214 179.513 
-476335 118.837 
-476262 137.746 
-476289 170.972 
-476270 155.32 
-476308 162.975 
-476249 139.653 
-476292 156.644 
-476234 161.059 
-476229 161.346 
-476271 150.64 
-476232 157.263 
-476194 137.348 
-476252 166.647 
-476227 151.34 
-476203 162.89 
-476207 143.885 
-476203 155.637 
-476231 157.907 
-476205 173.431 
-476222 140.948 
-476142 162.019 
-476197 140.647 
-476189 173.469 
-476193 131.386 
-476178 162.26 
-476159 160.787 
-476113 158.357 
-476156 145.623 
-476120 163.375 
-476090 151.442 
-476032 150.204 
-476102 136.391 
-476044 175.297 
-476039 146.494 
-476010 155.607 
-475965 145.869 
-476013 155.233 
-475977 169.607 
-475987 142.931 
-475900 163.244 
-475966 131.227 
-475938 165.682 
-475912 154.982 
-475938 158.398 
-475871 139.861 
-475953 155.512 
-475845 147.794 
-475908 150.844 
-475830 158.477 
-475906 168.816 
-475812 120.574 
-475927 191.413 
-475731 121.672 
-475935 187.412 
-475716 87.0352 
-475989 232.121 
-474604 -393.801 
-476165 456.76 
-477544 725.997 
-474200 -456.669 
-474474 -203.665 
-476315 397.478 
-475263 -323.273 
-476590 888.129 
-478889 1368.79 
-477164 605.694 
-474136 -481.65 
-476603 780.632 
-475615 -721.747 
-475983 -212.058 
-469965 -2195.54 
-466602 -2815.13 
-475114 163.043 
-484833 4004.61 
-478546 1334.69 
-470096 67.4568 
-474118 -812.377 
-474776 -1542.32 
-475545 -279.467 
-472779 99.725 
-474461 327.738 
-481290 2646.68 
-483506 2868.74 
-476667 135.309 
-470910 -888.209 
-476514 -634.255 
-475014 -1491.89 
-476586 576.243 
-483665 3233.24 
-475754 690.838 
-472958 -361.634 
-478183 752.102 
-476600 -1501.22 
-475507 504.715 
-476178 1584.37 
-474503 -532.174 
-476793 -555.832 
-476793 368.486 
-477698 1010.51 
-477227 738.78 
-472445 -1988.16 
-473031 -929.551 
-477172 1424 
-475267 654.821 
-476949 -1103.14 
-477488 613.876 
-474481 413.006 
-474424 144.115 
-475154 -587.14 
-475481 -680.004 
-474844 432.422 
-473676 -434.552 
-476529 283.495 
-473052 667.243 
-475374 42.2739 
-474913 -207.371 
-475122 -9.44254 
-475079 77.1465 
-476154 680.802 
-476282 -245.429 
-475685 666.125 
-471427 368.787 
-476856 -446.4 
-478155 90.2699 
-474061 176.32 
-476029 1085.15 
-474223 -529.413 
-476357 -528.93 
-477614 740.721 
-476954 1003.65 
-474896 14.7005 
-475339 243.377 
-476583 60.4648 
-475030 -409.287 
-475810 -23.0413 
-476282 674.995 
-476063 567.55 
-474758 698.414 
-475148 -479.039 
-473525 -1106.69 
-477004 -124.425 
-476249 467.448 
-476365 566.622 
-474683 137.276 
-473941 183.607 
-473881 -388.28 
-477084 -64.1112 
-477510 -16.1491 
-474762 381.798 
-476459 820.918 
-475057 -44.9837 
-476139 41.9703 
-476405 -217.884 
-474711 806.714 
-475764 626.008 
-475270 210.299 
-476233 70.8782 
-475379 94.8641 
-476116 -226.343 
-476451 108.745 
-474297 -15.5162 
-476790 763.117 
-475352 797.502 
-476083 500.679 
-475431 -217.366 
-474746 -486.012 
-476303 601.189 
-475719 402.208 
-474706 -143.143 
-476271 39.2788 
-474462 369.999 
-473107 -271.968 
-476709 249.47 
-476123 200.966 
-474999 602.542 
-473003 472.444 
-474723 -586.727 
-475135 -281.114 
-473861 583.891 
-475540 -201.459 
-475191 -404.221 
-475388 269.8 
-475130 1076.71 
-474589 238.558 
-475706 -22.7026 
-474575 295.942 
-475917 279.762 
-476288 -569.236 
-475297 121.297 
-475542 196.115 
-476224 214.708 
-473725 515.453 
-474631 126.302 
-475562 685.207 
-476171 410.78 
-475332 285.547 
-472983 -230.358 
-474235 -777.335 
-474873 -228.553 
-474009 179.05 
-473867 -205.847 
-474089 -771.664 
-474890 562.96 
-476533 453.69 
-474557 178.294 
-474275 -568.449 
-477459 -501.818 
-477399 993.154 
-475841 694.986 
-475042 212.04 
-475691 79.5768 
-477352 749.643 
-475686 827.705 
-473863 -21.2455 
-473792 -50.2533 
-475968 -164.768 
-475914 182.105 
-474965 771.954 
-474678 1030.63 
-471196 1220.34 
-471569 1000.06 
-472069 399.268 
-474685 -509.79 
-475882 -1796.45 
-475983 -1858.54 
-476201 -976.712 
-475141 -1776.92 
-475528 -1439.88 
-477435 1034.1 
-479426 1938.4 
-481699 2170.21 
-476095 698.331 
-471101 620.071 
-473348 1899.81 
-473607 2448.1 
-474093 428.987 
-473444 -1422.19 
-473680 -2113.5 
-476520 -596.558 
-474109 145.97 
-474880 -248.292 
-475858 -763.66 
-476154 -773.417 
-474992 1184.19 
-473164 648.248 
-474273 -506.949 
-477272 -656.351 
-476357 -729.382 
-473921 337.626 
-474018 576.371 
-474553 147.517 
-473115 -398.746 
-474578 -241.431 
-475728 238.861 
-477041 193.36 
-477663 -205.142 
-478012 -768.848 
-478469 412.8 
-479470 754.966 
-477085 683.774 
-477534 812.432 
-480208 719.105 
-475701 2238.83 
-473492 2212.54 
-475960 1165.84 
-475041 2169.78 
-475198 2876.93 
-472879 1866.89 
-472461 1713.32 
-472289 2262.64 
-471634 2272.33 
-471167 1523.69 
-470718 660.672 
-468180 624.767 
-471351 789.994 
-471684 -320.076 
-469120 -1222.85 
-469926 -1407.41 
-471339 -853.593 
-471676 -1399 
-471987 -2223.56 
-471976 -3351.71 
-473574 -4457.85 
-474989 -4070.04 
-476924 -3363.07 
-477639 -3408.76 
-477088 -2692.2 
-478551 -1473.91 
-480435 -1361.75 
-480267 -2439.84 
-481876 -835.932 
-481501 875.157 
-481101 1606.99 
-480512 2911.33 
-480430 2214.64 
-478492 2792.46 
-476371 3801.22 
-474352 3281.3 
-474473 3682.33 
-472522 3830.99 
-470463 2397.27 
-472197 1709.95 
-470402 1856.24 
-468080 1856.55 
-468829 774.831 
-469424 -759.941 
-471466 -1569.84 
-470369 -1204.21 
-470570 -1584.14 
-472294 -2398.25 
-475135 -2625.25 
-476281 -3167.45 
-476623 -2454.37 
-477403 -1610.77 
-478516 -233.439 
-477840 -457.364 
-478230 -716.39 
-478803 670.262 
-477929 836.277 
-476544 1422.47 
-477655 2247.51 
-477653 2518.74 
-476222 3798.49 
-473424 3600.41 
-468947 2180.07 
-466948 1538.13 
-467524 -34.6341 
-469581 -1419.22 
-469932 -1642.32 
-473799 -2139.56 
-475359 -2486.16 
-476320 -1953.9 
-477677 -759.933 
-476834 -248.082 
-475775 -573.218 
-475598 -817.289 
-476435 -560.67 
-478337 177.023 
-478614 1043.51 
-477076 1926.57 
-474372 2163.75 
-473627 2240.77 
-473530 1350 
-472716 586.96 
-472189 957.61 
-471309 901.363 
-470967 -548.644 
-472490 -1274.56 
-475342 -740.517 
-476264 -682.662 
-477659 -1232.85 
-476906 -743.715 
-473728 486.467 
-472450 798.575 
-474184 702.882 
-474838 110.322 
-474895 -379.452 
-475228 -606.797 
-475891 -367.981 
-475228 338.653 
-474273 1108.39 
-474455 976.723 
-474318 1157.73 
-474943 665.701 
-475484 -198.117 
-475185 -382.271 
-473764 -1039.56 
-472957 -532.379 
-475028 237.587 
-475813 398.382 
-476224 177.44 
-476306 687.665 
-476057 1155.98 
-475124 1381.3 
-471325 1202.32 
-470354 217.268 
-472559 -141.811 
-472917 -357.266 
-472907 -1120.21 
-473128 -1782.56 
-475499 -1441.87 
-478421 -267.194 
-477685 368.647 
-476327 592.764 
-475773 1087.75 
-474174 1245.76 
-474755 888.695 
-475535 412.96 
-474781 647.99 
-473240 254.924 
-473449 -128.385 
-474727 -143.321 
-474762 177.963 
-473487 438.9 
-474026 -495.066 
-474884 -213.365 
-474878 85.2309 
-474992 -108.005 
-475813 -253.924 
-475144 566.069 
-474514 1129.82 
-474428 523.031 
-473139 65.3011 
-473350 -52.1746 
-475346 -313.187 
-475812 -588.862 
-475084 -348.372 
-475377 142.937 
-476141 203.819 
-477060 405.576 
-475666 881.817 
-473343 712.089 
-473842 960.981 
-474920 572.226 
-473811 -359.393 
-472334 -961.258 
-473270 -319.643 
-475966 236.369 
-476704 109.716 
-475840 -146.54 
-474780 453.61 
-473869 573.329 
-472208 528.27 
-471741 432.538 
-473427 192.483 
-474699 -270.974 
-475621 -542.385 
-475537 -141.327 
-475558 -8.49075 
-475677 -40.0011 
-475855 -469.615 
-476441 -370.861 
-476141 503.319 
-474086 1659.37 
-473605 1695.19 
-473572 1060.25 
-473352 347.519 
-473338 24.6776 
-472137 -632.772 
-472507 -506.156 
-473105 -719.656 
-474689 -958.398 
-476820 -582.107 
-477474 -362.243 
-477265 233.581 
-476246 904.679 
-475562 1528.86 
-474140 1473.18 
-472658 1255.9 
-471806 535.267 
-473062 -422.672 
-474244 -408.109 
-473857 -105.805 
-473520 21.3036 
-474339 -535.029 
-475627 -543.006 
-475815 -676.236 
-476133 -524.668 
-476633 125.35 
-475665 777.422 
-475361 685.82 
-474219 1049.84 
-472821 822.623 
-473084 410.867 
-473171 284.525 
-473964 -52.7654 
-474253 -129.905 
-474837 -93.9025 
-474238 -204.16 
-474341 -282.267 
-474867 317.979 
-474893 368.89 
-475622 10.006 
-475142 -141.384 
-475084 59.3411 
-474860 -61.4172 
-474461 329.061 
-475287 622.399 
-475457 485.17 
-475115 482.248 
-473535 668.541 
-471985 471.573 
-472713 32.7765 
-473985 -302.397 
-474276 -1028.7 
-475090 -1249.09 
-475714 -791.977 
-476764 188.569 
-476976 767.101 
-475643 1242.59 
-474709 1768.38 
-473597 1622.29 
-472104 1164.73 
-472005 720.004 
-472953 -481.225 
-473562 -1115.89 
-473882 -831.111 
-473860 -473.82 
-473986 -210.672 
-474487 -401.779 
-475417 -688.097 
-476109 -520.302 
-477068 181.325 
-475802 809.218 
-474545 803.695 
-474216 729.558 
-474178 271.721 
-473887 162.458 
-473523 210.342 
-473865 697.314 
-474233 1006.08 
-474514 530.33 
-474310 -19.1623 
-474009 -127.516 
-474052 326.146 
-473852 254.895 
-473905 -348.508 
-473771 -1121.21 
-474459 -760.665 
-474827 280.729 
-474985 710.064 
-474616 188.806 
-474631 19.6895 
-474282 194.163 
-475086 207.809 
-475229 291.939 
-475162 349.048 
-474970 175.372 
-475287 233.593 
-475545 454.646 
-475038 666.039 
-473792 1062.61 
-473435 284.115 
-473328 -531.114 
-472715 -218.987 
-472722 -207.837 
-473499 24.9103 
-474876 141.902 
-475548 15.6322 
-475518 -194.635 
-474683 -153.009 
-475068 -188.234 
-475597 74.2864 
-475152 325.31 
-474680 59.8548 
-475017 214.769 
-474408 731.498 
-473771 983.305 
-474226 773.273 
-473313 579.713 
-472581 146.524 
-472648 -315.462 
-473727 -244.68 
-474850 -118.189 
-475450 -47.8307 
-475499 -243.451 
-475943 -478.24 
-475947 -259.671 
-475260 166.967 
-474744 269.208 
-474136 75.9016 
-473662 285.588 
-473191 751.217 
-472960 1060.2 
-473622 923.369 
-473728 602.412 
-474220 68.9935 
-475132 -418.75 
-474918 -311.025 
-473885 74.748 
-474211 -20.8303 
-474882 -555.143 
-474164 -444.463 
-473403 193.154 
-473859 436.015 
-474277 109.184 
-474139 41.462 
-474424 221.818 
-475538 333.673 
-475267 374.043 
-475134 494.576 
-475173 188.796 
-474528 156.286 
-473593 711.689 
-472835 815.414 
-472732 419.694 
-472747 160.831 
-472548 22.7665 
-472484 -138.693 
-473980 -578.3 
-475364 -952.955 
-475844 -475.891 
-475529 -53.4194 
-476322 670.637 
-476110 959.025 
-474023 635.104 
-472074 394.74 
-472073 4.06933 
-474333 -538.818 
-475518 -362.851 
-474981 142.477 
-474444 585.978 
-473264 664.108 
-473348 448.364 
-473719 509.443 
-473944 460.143 
-473554 141.254 
-473465 -116.267 
-474732 -410.664 
-475668 -712.716 
-475311 -328.102 
-473951 509.235 
-473025 559.814 
-473209 453.872 
-474398 500.918 
-474418 330.079 
-473865 42.6289 
-473794 -44.9046 
-474521 -15.0347 
-475341 -197.453 
-475536 -78.2259 
-474401 94.7912 
-473074 132.714 
-472549 364.96 
-473349 620.735 
-473861 732.771 
-474118 384.016 
-473888 259.032 
-474097 268.845 
-475015 -91.7983 
-475259 -376.774 
-474677 -528.367 
-473842 -218.356 
-474290 473.16 
-473786 601.889 
-473175 533.525 
-473347 466.182 
-473509 280.504 
-474260 -268.029 
-475111 -406.317 
-474849 -134.582 
-474370 31.685 
-474385 239.574 
-473913 191.371 
-473307 339.433 
-472906 624.375 
-473279 537.543 
-474326 132.5 
-474837 105.951 
-474255 126.504 
-474296 155.919 
-474365 -85.228 
-474369 -5.96557 
-473859 60.692 
-473552 78.2314 
-473279 348.604 
-473390 253.904 
-473588 -65.6527 
-473590 -286.874 
-473686 -262.647 
-474523 -45.5237 
-475289 229.07 
-475554 668.156 
-474563 949.465 
-473921 643.01 
-473469 268.029 
-473590 161.709 
-473707 35.9327 
-473581 48.2861 
-473657 215.412 
-473510 303.229 
-473363 114.568 
-474310 -128.784 
-474812 -365.654 
-475451 -349.397 
-474608 -106.427 
-473604 124.377 
-474017 203.704 
-474018 492.494 
-473508 306.896 
-473643 61.5379 
-474457 196.123 
-474650 509.629 
-473951 378.229 
-473836 280.256 
-474297 237.212 
-473634 110.95 
-473720 -150.092 
-474404 -212.206 
-474049 220.076 
-473591 305.772 
-473629 214.008 
-474601 199.304 
-474981 48.7047 
-473901 146.554 
-473688 85.0476 
-473904 -11.1762 
-474578 -133.426 
-474949 123.25 
-474789 211.821 
-474625 357.334 
-474495 542.158 
-474217 569.478 
-474297 546.219 
-472898 272.736 
-471825 30.3387 
-472638 -158.274 
-474447 -410.259 
-475367 -405.548 
-475357 -348.632 
-474817 62.5088 
-474492 360.219 
-474738 511.062 
-474839 657.313 
-474557 655.096 
-473639 454.941 
-473026 330.686 
-472833 103.702 
-473121 32.1288 
-473799 -189.839 
-474349 -353.435 
-474774 -336.425 
-475256 -173.483 
-475078 226.592 
-474852 418.219 
-474170 443.252 
-474039 651.422 
-473582 630.524 
-473292 571.237 
-473116 224.356 
-473399 -311.688 
-473673 -587.991 
-473872 -446.839 
-474110 -68.8934 
-474697 175.871 
-474898 305.693 
-474773 661.73 
-474635 683.067 
-474051 400.141 
-473414 174.791 
-473258 -95.236 
-473301 -390.915 
-473081 -278.129 
-473819 1.88503 
-474793 261.023 
-474586 391.802 
-474065 583.094 
-473621 666.888 
-473583 490.756 
-473990 38.7846 
-473984 -72.293 
-473642 -153.72 
-473877 -392.78 
-474360 -268.988 
-474316 -4.28965 
-474200 150.581 
-473871 376.543 
-473108 733.988 
-473162 648.502 
-473034 253.629 
-473488 -148.161 
-474197 -61.7233 
-474516 33.1627 
-474600 150.657 
-474547 82.7966 
-474369 -73.2012 
-473823 -130.193 
-473095 199.957 
-473277 673.94 
-473496 667.307 
-473197 543.617 
-473331 128.661 
-473821 -114.332 
-474209 -153.766 
-473914 -139.006 
-474297 -27.675 
-474106 43.8739 
-473250 209.64 
-472879 385.819 
-472731 542.543 
-473092 535.06 
-473431 287.31 
-473773 -79.4929 
-474631 -261.597 
-474867 -300.722 
-474560 -170.852 
-473904 126.299 
-473732 283.628 
-473223 315.095 
-472499 374.214 
-472719 362.485 
-473550 302.076 
-474326 192.818 
-474006 -35.0336 
-473896 -118.96 
-473511 20.7898 
-473087 434.262 
-473048 595.426 
-473184 591.368 
-473333 352.277 
-473412 -4.7527 
-473506 -304.464 
-473919 -203.949 
-473797 -195.043 
-473630 -280.355 
-473744 -197.832 
-473860 61.6502 
-474151 184.896 
-474032 406.808 
-475063 559.329 
-474985 743.33 
-473234 888.205 
-472691 463.327 
-472393 18.6296 
-472198 -42.9371 
-472064 -108.666 
-472491 46.8072 
-473450 -39.9384 
-473591 -291.401 
-473927 -286.042 
-474082 -250.272 
-474580 -203.585 
-474272 131.632 
-473600 626.2 
-472948 932.589 
-473117 955.511 
-473246 651.337 
-472918 341.376 
-472814 107.783 
-473169 -233.354 
-473734 -351.408 
-473946 -395.498 
-473699 -335.158 
-473232 -161.25 
-472535 307.607 
-472696 744.66 
-472975 592.763 
-473258 315.871 
-473856 229.346 
-474071 51.2086 
-473710 -67.4373 
-473212 103.063 
-472662 291.48 
-471494 139.674 
-473143 -211.867 
-474240 -205.696 
-473808 170.932 
-474853 397.676 
-475086 390.582 
-474455 254.434 
-473777 129.029 
-473221 169.876 
-472692 332.952 
-472803 490.598 
-473314 254.793 
-473947 -334.59 
-473576 -476.509 
-473172 -181.517 
-473065 210.97 
-472717 433.278 
-472776 573.442 
-472956 339.957 
-473180 119.37 
-473167 220.834 
-472824 334.439 
-472976 143.339 
-473173 51.1017 
-473195 174.001 
-473480 -69.3304 
-473304 -192.567 
-473695 -78.4982 
-473482 161.505 
-473013 153.287 
-472741 226.251 
-472852 415.018 
-472521 435.654 
-472714 407.885 
-473293 286.137 
-473503 6.14079 
-473188 14.6295 
-473521 56.4765 
-473928 215.696 
-473680 305.611 
-472941 260.131 
-473207 -65.6161 
-473383 -158.12 
-473008 -168.528 
-472894 108.756 
-472983 407.584 
-472816 373.171 
-472784 98.3671 
-472554 241.473 
-472704 219.396 
-472974 175.803 
-473242 -50.1046 
-473478 -237.922 
-473417 -209.467 
-473147 77.5833 
-473304 333.912 
-473066 574.966 
-472830 612.188 
-473169 574.733 
-473216 347.477 
-472637 251.427 
-472108 148.465 
-472347 -11.77 
-472862 -259.049 
-473015 -278.753 
-473369 -251.946 
-473333 -126.361 
-472999 157.048 
-473270 523.998 
-473223 551.921 
-472889 471.007 
-472202 392.437 
-471735 285.338 
-471965 34.0516 
-472628 -236.837 
-472906 -346.537 
-473225 -278.209 
-473553 154.632 
-473592 417.382 
-473377 565.755 
-472761 635.387 
-471892 377.34 
-471625 124.894 
-471812 -214.662 
-472318 -280.516 
-473062 -137.092 
-473661 181.886 
-473771 321.598 
-473510 501.198 
-472927 525.86 
-472212 413.925 
-471981 411.502 
-472114 135.38 
-472601 -315.218 
-473022 -473.296 
-473268 -338.761 
-473192 -173.6 
-473237 3.58908 
-472825 308.736 
-472455 630.892 
-472332 803.905 
-472333 679.274 
-472235 446.783 
-472639 173.806 
-473052 -205.297 
-472972 -391.516 
-473202 -401.836 
-473795 -280.263 
-473934 89.793 
-473613 373.55 
-472944 475.54 
-472401 635.414 
-471812 819.229 
-471899 550.152 
-472161 9.32687 
-472965 -149.239 
-473389 -149.413 
-473437 -155.523 
-473051 -127.605 
-472705 -88.2691 
-472303 182.131 
-472223 279.556 
-472325 318.094 
-472556 352.508 
-472746 346.461 
-472792 259.237 
-472576 244.891 
-472607 171.966 
-472760 -66.6882 
-472687 -258.92 
-472726 -247.827 
-472946 55.0488 
-472940 242.242 
-472710 400.246 
-472527 505.859 
-472397 424.484 
-472223 207.306 
-472436 14.8816 
-472826 -1.9505 
-473110 48.5535 
-472778 214.855 
-472468 397.932 
-472073 425.048 
-471721 326.035 
-471719 195.66 
-472147 -4.42616 
-472994 -304.629 
-473585 -482.363 
-473440 -250.863 
-472914 79.6917 
-472301 428.8 
-471903 514.837 
-471878 463.182 
-472061 370.498 
-472255 329.464 
-472354 212.968 
-472634 -71.0117 
-472766 -188.734 
-472581 -92.8752 
-472630 76.7987 
-472883 323.512 
-472732 498.04 
-472704 609.359 
-472452 565.602 
-472204 371.163 
-472114 116.395 
-471947 -91.1721 
-472140 -198.209 
-472658 -242.435 
-472991 -352.587 
-472984 -203.942 
-472815 182.041 
-472636 372.642 
-472479 509.778 
-472476 487.809 
-472731 382.686 
-472521 214.183 
-472390 -14.0801 
-472277 -175.299 
-472281 -155.064 
-472267 -21.8514 
-472473 231.847 
-472827 479.688 
-473039 522.735 
-472937 357.213 
-472752 180.754 
-472469 174.56 
-472287 251.119 
-472498 143.171 
-472629 71.664 
-472499 -113.821 
-472390 -148.345 
-472699 -87.9385 
-472518 38.9485 
-472377 6.52344 
-472318 190.967 
-472421 520.045 
-472366 695.267 
-472096 601.478 
-471971 333.027 
-472275 57.9035 
-472451 -170.368 
-472271 -149.81 
-472328 -117.676 
-472645 29.0428 
-473127 72.471 
-473169 218.115 
-472607 177.312 
-471936 268.16 
-471843 272.856 
-471912 281.972 
-472121 117.488 
-472282 -42.6628 
-472706 -101.526 
-473093 55.6652 
-473353 284.586 
-473165 342.774 
-472605 366.729 
-471696 359.901 
-471209 287.547 
