# Channels number
1
# Samples number
1000
# Sampling rate
1
# Start date
01-01-2000
# Start time
00:00:00
# Channels names
Model_0_0
-0.32812553813092094 
-0.16527936585003758 
6.437178916065133e-17 
0.16363480868199776 
0.3216282171539939 
0.470161509138065 
0.6056859782157907 
0.725007274575926 
0.8253602217657398 
0.9044723633614539 
0.9606147931904065 
0.992639149004958 
1 
0.9827622244452745 
0.9415933458440797 
0.8777411652421863 
0.7929973845689422 
0.6896482525536891 
0.5704135727729136 
0.4383756854779858 
0.29690026471404235 
0.14955095465036888 
5.824600349847891e-17 
-0.14806289778862694 
-0.2910212455771287 
-0.4254197259883768 
-0.5480473366693605 
-0.6560137103845687 
-0.7468168120120988 
-0.8184004379488601 
-0.8692002091975548 
-0.8981770446270584 
-0.9048374180359595 
-0.8892400337103383 
-0.8519888918933974 
-0.7942130496616143 
-0.7175337059626306 
-0.6240195441936917 
-0.5161315444005101 
-0.3966587233776446 
-0.2686464689380471 
-0.13531929967065273 
-1.5810949024943137e-16 
0.1339728501419833 
0.26332691244161793 
0.3849356864448881 
0.4958937370733883 
0.5935857519005628 
0.6757477959268741 
0.740519339193145 
0.7864848730466314 
0.8127041979995163 
0.8187307530779818 
0.8046176561166721 
0.7709114291361401 
0.7186336852262806 
0.6492513458570002 
0.5646362331721962 
0.46701513400226996 
0.358911655102468 
0.24308137731838028 
0.12244196572442781 
2.3843897154046206e-16 
-0.12122364780938993 
-0.2382680435530547 
-0.34830421263269284 
-0.4487032086736876 
-0.5370985991326385 
-0.6114418909099633 
-0.6700496068812206 
-0.7116409418518533 
-0.7353651681448675 
-0.7408182206817179 
-0.7280481624667551 
-0.6975495070739566 
-0.6502466482538145 
-0.5874669114416199 
-0.5109039913530797 
-0.4225727680343317 
-0.3247566953059306 
-0.2199491258253882 
-0.11079007212533817 
-3.0204790471494983e-16 
0.10968769248874882 
0.21559384132902548 
0.3151586844496136 
0.40600345280074984 
0.4859869096699073 
0.5532555018499958 
0.6062859562464133 
0.6439193523939094 
0.6653859200577811 
0.6703200460356393 
0.6587652195322435 
0.6311688949330553 
0.5883674982925184 
0.5315620433303951 
0.4622850484001869 
0.3823596523604932 
0.2938520096705092 
0.19901819911111068 
0.10024700280590883 
3.513911737184315e-16 
-0.09924952846184172 
-0.1950773747326097 
-0.28516737030899797 
-0.367367115945915 
-0.4397391405449941 
-0.5006062798081393 
-0.5485902192414674 
-0.5826423242434923 
-0.6020660779025641 
-0.6065306597126334 
-0.5960754203334474 
-0.5711052332358358 
-0.5323769280112792 
-0.48097722681299354 
-0.4182928095910538 
-0.34597332060299496 
-0.2658882937149414 
-0.18007911342586397 
-0.09070723918474219 
-1.4134765978631794e-15 
0.08980468707469925 
0.17651330807028784 
0.2580301070584981 
0.33240751266381946 
0.39789242854008433 
0.45296729367418387 
0.4963849575382303 
0.5271965763069515 
0.544771915416393 
0.5488116360940265 
0.5393513442892158 
0.5167573846679376 
0.48171456496364184 
0.43520619204356525 
0.3784869858133765 
0.3130496061237428 
0.2405856771710145 
0.16294232003446352 
0.08207530410109243 
-5.117804878422453e-16 
-0.08125864118019814 
-0.1597158459233051 
-0.23347529584635351 
-0.3007747554944844 
-0.36002795769626744 
-0.4098617564628847 
-0.4491476833307817 
-0.4770271889029803 
-0.4929300133638732 
-0.4965853037914095 
-0.488025277780878 
-0.46758141769395245 
-0.43587336319201725 
-0.3937908471219616 
-0.34246918700358847 
-0.28325899732218024 
-0.2176909229478537 
-0.14743630814877304 
-0.07426480624734871 
-1.2729531967943352e-15 
0.07352585907860093 
0.14451687364467247 
0.2112571838687963 
0.2721522531720276 
0.3257667676626502 
0.37085825346955986 
0.40640563010185726 
0.4316320499399241 
0.44602152056459804 
0.44932896411722156 
0.4415835322835316 
0.42308516270778895 
0.39439452854131496 
0.35631669335602906 
0.3098789349252012 
0.2563033397724576 
0.19697489265000098 
0.13340588839008993 
0.06719757553579186 
-3.1432395855794015e-16 
-0.06652894848755703 
-0.1307642748112744 
-0.19115340479338958 
-0.246253542072845 
-0.2947659609337927 
-0.335566424526722 
-0.3677310210166418 
-0.3905568296092097 
-0.40357696105614355 
-0.4065696597405991 
-0.39956130319862954 
-0.3828232862338401 
-0.356862926892833 
-0.3224086768193801 
-0.28039005538145223 
-0.23191285219370272 
-0.17823025328333725 
-0.12071063960168243 
-0.06080288074608233 
-1.136930160738956e-15 
0.06019788197412841 
0.11832040879157815 
0.1729627532420332 
0.22281941919140366 
0.2667152710162215 
0.3036330571483178 
0.3327367875884253 
0.3533904332999071 
0.3651715354208399 
0.36787944117144233 
0.3615380179333312 
0.34639283387986863 
0.32290292936246645 
0.29172743468563883 
0.25370741375431394 
0.20984342638830616 
0.16126940219679003 
0.10922350346665562 
0.05501672162343354 
-1.7163666243063349e-16 
-0.05446929609670497 
-0.10706073319193196 
-0.156503171059911 
-0.20161534794942076 
-0.2413339571770791 
-0.2747385514604488 
-0.3010726957670903 
-0.3197608872256973 
-0.3304208692504199 
-0.3328710836980795 
-0.32713312666863403 
-0.3134291974340197 
-0.292174652880582 
-0.2639658987712068 
-0.2295639611980335 
-0.18987418412501303 
-0.1459225894919452 
-0.09882951286560934 
-0.0497811883425519 
-1.0083933279213598e-15 
0.04928585724237754 
0.09687255739442338 
0.1416099252162909 
0.18242911087497637 
0.21836799469650978 
0.24859372153841142 
0.2724218406790194 
0.28933161558618725 
0.29897716619774717 
0.3011942119122021 
0.2960022936888771 
0.28360246574328113 
0.26437055852801805 
0.23884622229367963 
0.20771806192453654 
0.17180526651536204 
0.1320362191090139 
0.0894246412470706 
0.045043881926635485 
-7.035077740458503e-17 
-0.04459568781288276 
-0.08765391471130936 
-0.12813395910097308 
-0.1650686856587086 
-0.1975875325028793 
-0.2249369011367671 
-0.24649747493660792 
-0.26179807200317873 
-0.2705257271140777 
-0.2725317930340126 
-0.2678339511541656 
-0.2566141228517825 
-0.23921237358321687 
-0.21611699908785648 
-0.18795107483123058 
-0.15545583375873934 
-0.11947131158582956 
-0.08091476149479222 
-0.04075738982081442 
-8.890981798498903e-16 
0.04035184701614561 
0.07931254186812621 
0.11594040071565048 
0.149360323330016 
0.17878459274600217 
0.20353132484560274 
0.22304013877402354 
0.23688469151814825 
0.2447818004342025 
0.2465969639416065 
0.24234618082470433 
0.23219406035276915 
0.21644830647529092 
0.19555074744833645 
0.17006516526737475 
0.1406622552368858 
0.10810211310469242 
0.07321470387194252 
0.036878811371350025 
-1.4519446624901334e-19 
-0.03651186106707202 
-0.07176495560182503 
-0.10490721282960294 
-0.1351468093189471 
-0.16177098928490255 
-0.1841627584627328 
-0.2018150632866699 
-0.21434213264552623 
-0.2214877322870774 
-0.22313016014842982 
-0.2192838925283014 
-0.21009787405288563 
-0.1958505267693587 
-0.17694163341615432 
-0.1538813250383896 
-0.12727647184365826 
-0.0978148369058805 
-0.06624740361375514 
-0.03336932846148832 
-7.7991778270325e-16 
0.03303729809561636 
0.06493561713221989 
0.09492397159008746 
0.12228588999995484 
0.14637644425767463 
0.16663735486579878 
0.18260982078507385 
0.19394478187929887 
0.20041038780927886 
0.20189651799465538 
0.19841627113218296 
0.19010441789285704 
0.1772128849629688 
0.16010341072333792 
0.13923758083168922 
0.11516451415974283 
0.08850652447152604 
0.05994312963745698 
0.0301938170066863 
4.6919785999094834e-17 
-0.02989338350772248 
-0.0587561761444888 
-0.0858907613632929 
-0.11064884896978794 
-0.13244688388339837 
-0.1507797139251117 
-0.16523219874717582 
-0.17548849567721236 
-0.1813388178529333 
-0.18268352405273466 
-0.1795344664675674 
-0.17201359064340208 
-0.16034884927259652 
-0.14486755677765625 
-0.12598737313331843 
-0.10420516164166692 
-0.08008401508215154 
-0.054238786650151985 
-0.027320495420980907 
-6.8110501429590195e-16 
0.02704865194948572 
0.05316478671624585 
0.07771717474510524 
0.10011921881047423 
0.11984289643996315 
0.13643112704019902 
0.1495082760907988 
0.15878855732358327 
0.16408214773574128 
0.16529888822158653 
0.16244950308697717 
0.15564433322487023 
0.14508963876085323 
0.1310815860318726 
0.11399808941108532 
0.09428872940586616 
0.07246301343288739 
0.049077283669926274 
0.024720606536183087 
7.692667021189347e-17 
-0.024474632391326512 
-0.04810548834276088 
-0.07032140773340999 
-0.0905916154442463 
-0.10843833698468676 
-0.12344798873078937 
-0.13528068251300598 
-0.14367782822232625 
-0.1484676669030031 
-0.14956861922263506 
-0.14699038893444516 
-0.14083281660712027 
-0.13128253412014076 
-0.11860752385713783 
-0.10314973688375853 
-0.0853159704654948 
-0.06556724597771843 
-0.04440696264011399 
-0.02236812979048329 
-5.924887185536905e-16 
0.022145563180346627 
0.04352764586542222 
0.06362944100615307 
0.0819706834142788 
0.09811906485333757 
0.11170035938489938 
0.1224070234752105 
0.13000507511770362 
0.13433910038233612 
0.1353352832366127 
0.1330024039995448 
0.12743080215351837 
0.1187893492064857 
0.10732052564653077 
0.093333741592989 
0.07719708243323092 
0.05932769755820782 
0.040181081418101394 
0.020239520805913694 
1.009229693988746e-15 
-0.020038134209057486 
-0.039385442698051804 
-0.05757429911107936 
-0.07417014153521871 
-0.08878180130199714 
-0.10107066477952134 
-0.11075845507077636 
-0.11763345650107407 
-0.12155504473122651 
-0.1224564282529819 
-0.12034555182752375 
-0.11530415799884065 
-0.10748504802616868 
-0.09710762732826865 
-0.08445186175863534 
-0.06985080874879414 
-0.053681920676586725 
-0.03635734596424715 
-0.018313475748307627 
-5.136191249254092e-16 
0.01813125361998201 
0.0356374222791088 
0.05209538015289798 
0.06711191936208931 
0.08033309585867984 
0.09145251935828032 
0.1002183945118933 
0.10643915305507734 
0.10998755282384867 
0.11080315836233387 
0.10889315838772927 
0.10433151661248166 
0.09725649333346946 
0.08786661478330947 
0.07641520454201313 
0.06320362543598221 
0.0485734105002136 
0.032897487048929155 
0.016570718111363965 
1.0319621831472496e-16 
-0.016405836711258552 
-0.03224607316048634 
-0.0471378492691503 
-0.060725375835030675 
-0.07268839103960335 
-0.08274966148903021 
-0.09068135332985086 
-0.09631012842829015 
-0.09952085331322497 
-0.10025884372280375 
-0.09853060427733369 
-0.09440306011141361 
-0.08800131431508786 
-0.07950500085208985 
-0.0691433363764856 
-0.05718900525000576 
-0.04395103934221496 
-0.029766877241224177 
-0.014993805790887956 
2.337641734834923e-16 
0.014844614930535066 
0.02917745358033215 
0.042652089824466485 
0.0549465922798316 
0.0657711760694631 
0.07487499004508319 
0.08205188161098899 
0.0871450079377658 
0.09005019195267401 
0.09071795328941251 
0.08915417757182569 
0.08541942116590488 
0.07962688202863545 
0.07193909969195156 
0.06256347796129089 
0.051746751850459904 
0.0397685449584064 
0.02693418434594236 
0.013566956518359388 
7.187785607324301e-16 
-0.013431963045483695 
-0.02640085176249208 
-0.03859320683060835 
-0.04971773268835764 
-0.05951222113588168 
-0.0677496926678614 
-0.07424361270187908 
-0.0788520639771313 
-0.08148078318009995 
-0.0820849986238988 
-0.08067003584121014 
-0.07729068849788351 
-0.07204938234104433 
-0.06509318922109744 
-0.05660977586184391 
-0.04682239733611835 
-0.03598406753921117 
-0.024371057820487856 
-0.012275889906678173 
-3.82538180400947e-16 
0.012153742761230152 
0.023888478542723697 
0.03492057762233468 
0.04498646487633578 
0.05384888451417565 
0.061302456986317644 
0.06717839882283015 
0.0713482979758739 
0.07372686147222951 
0.07427357821433388 
0.07299326694342886 
0.06993550701864679 
0.06519297708855608 
0.05889875326654382 
0.05122264342642505 
0.04236665711186692 
0.03255973076261122 
0.022051845033095076 
0.011107684527253131 
1.0378360658356345e-16 
-0.010997161219543979 
-0.02161518924540576 
-0.031597445292117825 
-0.040705436725269245 
-0.048724485627923454 
-0.055468756898759686 
-0.060785528938639685 
-0.06455860972174979 
-0.06671082297442708 
-0.06720551273974976 
-0.06604703919510169 
-0.06328026359978801 
-0.05898904506288648 
-0.053293795831236404 
-0.046348164422943566 
-0.038334936631916304 
-0.029461262715187758 
-0.019953334522674632 
-0.010050648587997481 
1.2538119128968546e-16 
0.009950642963617572 
0.019558232027171798 
0.02859055081465257 
0.03683180226651819 
0.04408773777070062 
0.05019020677393818 
0.05500102105878893 
0.05841504573261933 
0.0603624488152346 
0.06081006262521797 
0.05976183241421573 
0.05725835032826704 
0.053375495227109354 
0.04822222061727143 
0.041937553427162225 
0.034686885082595105 
0.026657652887289395 
0.018054523690705298 
0.009094202917950206 
5.101472228828824e-16 
-0.009003714086997608 
-0.017697020168813755 
-0.025869800179356302 
-0.03332679286444748 
-0.03989223481148734 
-0.04541397710802125 
-0.04976698188417576 
-0.052856119155155826 
-0.054618202332304536 
-0.05502322005640724 
-0.054074742138776666 
-0.051809497872027516 
-0.048296145287688226 
-0.043633269595292186 
-0.03794666756177846 
-0.03138599153784587 
-0.024120841809433614 
-0.01633640860016667 
-0.008228775087372978 
-2.8206207203997696e-16 
0.008146897407213088 
0.016012926036479906 
0.023407963199394477 
0.030155329206886038 
0.03609598674651004 
0.04109226578916623 
0.04503102739152004 
0.047826194383752275 
0.04942059317612809 
0.049787068367863944 
0.04892885005781096 
0.0468791722842651 
0.04370015940320131 
0.03948101500107142 
0.0343355646996684 
0.028399219545602802 
0.021825440223701587 
0.014781793777755098 
0.007445703603657701 
9.276741400950784e-17 
-0.0073716176149460425 
-0.014489094650049422 
-0.021180400982820997 
-0.027285670219583263 
-0.032660999449172466 
-0.03718181967791665 
-0.040745758556449636 
-0.04327493024068018 
-0.04471760192729332 
-0.0450492023935578 
-0.044272654353778244 
-0.042418029209357305 
-0.03954153940215246 
-0.035723899675008365 
-0.03106810370965492 
-0.025696676487879475 
-0.019748474979512744 
-0.013375120115803794 
-0.006737151224194527 
6.305403791555444e-17 
0.006670115449456322 
0.013110274992828916 
0.01916481933826218 
0.024689095390868027 
0.029552894412063224 
0.03364350171524447 
0.03686828696813456 
0.03915677614466337 
0.04046215946865198 
0.040762203978366204 
0.04005955425507126 
0.038381420027968724 
0.035778664417810996 
0.032324321144110144 
0.028111582743917483 
0.023251314405398103 
0.01786915911060994 
0.0121023091515046 
0.006096026518617848 
3.609557937320443e-16 
-0.006035370041287952 
-0.011862667374252856 
-0.017341045647158892 
-0.02233961732711664 
-0.02674056467530071 
-0.03044189922571027 
-0.0333598055876555 
-0.03543051622534929 
-0.03661167590177424 
-0.036883167401240015 
-0.036247383639830086 
-0.03472894499866085 
-0.0323738743325871 
-0.029248255283802035 
-0.025436411946910438 
-0.021038659292523038 
-0.01616868379211793 
-0.010950622164920753 
-0.005515912895384793 
-2.0625823789464605e-16 
0.005461028645050691 
0.010733785317938482 
0.015690826969418634 
0.020213721662179697 
0.02419586349762242 
0.027544969495502624 
0.030185200354115847 
0.03205885682102626 
0.03312761429293078 
0.03337326996032608 
0.032797989023222736 
0.031424048923701244 
0.029293092862918684 
0.02646491579305198 
0.023015817310141407 
0.01903656615318471 
0.014630030095499754 
0.00990853268559414 
0.0049910043823715704 
7.773473402037915e-17 
-0.004941343059007746 
-0.009712330592835852 
-0.014197647361857859 
-0.018290131717704307 
-0.02189332265433927 
-0.024923719078189667 
-0.02731269875131636 
-0.029008053231121808 
-0.029975104982506655 
-0.0301973834223185 
-0.029676847704544585 
-0.028433655292357484 
-0.02650548651237089 
-0.023946446074724178 
-0.020825572708895918 
-0.01722499736631831 
-0.013237798657400662 
-0.008965611131757818 
-0.004516047518751153 
2.819537039459722e-17 
0.004471112095142575 
0.008788080136733344 
0.012846562581088603 
0.016549595558984935 
0.01980989754278059 
0.022551913618562777 
0.024713551817735113 
0.026247571987897966 
0.02712259659772816 
0.02732372244729256 
0.02685272225242656 
0.02572783524006121 
0.023983155979640756 
0.02166764043739071 
0.01884375743903746 
0.01558582214261559 
0.011978055557642229 
0.008112420427574471 
0.004086288776594406 
2.546878853373465e-16 
-0.004045629523918247 
-0.007951783740414638 
-0.01162405051650966 
-0.01497469331513138 
-0.01792473654416656 
-0.020405815290390386 
-0.02236174641725721 
-0.0237497852672426 
-0.02454154027591922 
-0.024723526470339388 
-0.02429734787012239 
-0.02327950801027153 
-0.021700856932971798 
-0.019605691828300107 
-0.0170505368272345 
-0.014102635065492187 
-0.010838192863868197 
-0.007340421553708581 
-0.0036974269859629217 
-1.49779404395058e-16 
0.0036606369727523137 
0.007195071468457183 
0.01051787585647794 
0.013549662835143887 
0.0162189723335983 
0.018463945220275595 
0.020233744890965917 
0.021489694380120286 
0.02220610393788827 
0.0223707718561656 
0.02198514951192305 
0.021064169921161606 
0.01963574735639792 
0.017739963572727925 
0.015427963718881853 
0.012760591900163274 
0.009806802447118195 
0.006641888085953111 
0.0033455702873553986 
6.25312149334919e-17 
-0.0033122813067919493 
-0.006510369890103065 
-0.00951696763319832 
-0.012260241935009452 
-0.014675533049529798 
-0.016706868519871607 
-0.018308249484339924 
-0.01944467957728984 
-0.02009291375179698 
-0.02024191144580439 
-0.019892985919502986 
-0.019059649124534568 
-0.017767158939169476 
-0.01605178283519907 
-0.013959798856945673 
-0.011546261027554261 
-0.008873561805439344 
-0.00600982886657755 
-0.0030271971806684174 
9.467838421792524e-18 
0.0029970760654464655 
0.005890826281819717 
0.008611308420755026 
0.011093525656969984 
0.013278971432837978 
0.015116999774986758 
0.016565989192168354 
0.017594273663251513 
0.01818082019999521 
0.01831563888873418 
0.01799991801642881 
0.017245883702515178 
0.01607639022035272 
0.014524253735475433 
0.01263134835402001 
0.010447489016141372 
0.008029130752816189 
0.00543791803447195 
0.0027391212808416873 
1.7925689715837042e-16 
-0.0027118665687160125 
-0.005330240042940181 
-0.007791834077347342 
-0.010037837112368437 
-0.01201531022546225 
-0.013678427044849091 
-0.01498952688785325 
-0.015919957153674606 
-0.016450686407539668 
-0.016572675401761255 
-0.01628699934284434 
-0.015604720881132246 
-0.014546519418322476 
-0.013142088248906827 
-0.011429316630964362 
-0.009453278986324365 
-0.007265057939451275 
-0.004920431713802945 
-0.002478459427444312 
1.1590335821147558e-16 
0.002453798344095086 
0.004823000637965925 
0.007050343028311427 
0.009082610615420856 
0.010871902281308523 
0.012376752610054656 
0.013563084806785659 
0.014404972926173976 
0.014885196613917481 
0.014995576820477703 
0.014737086432932676 
0.01411973535125558 
0.013162235071884935 
0.011891453198741431 
0.010341673350277067 
0.008553680549959456 
0.006573696267814876 
0.0044521907275394635 
0.0022426028290353436 
4.890338623246077e-17 
-0.00222028855805176 
-0.004364031444442731 
-0.006379414182005362 
-0.00821828593828361 
-0.00983730398935835 
-0.011198948875351583 
-0.012272386637174611 
-0.01303415850939724 
-0.013468682871094683 
-0.013568559012200934 
-0.013334667237347598 
-0.012776064878581092 
-0.011909682798026603 
-0.010759831809044726 
-0.009357533012436088 
-0.007739690223529837 
-0.005948126357922032 
-0.004028508762510584 
-0.002029190953504617 
-1.8339287121633877e-16 
0.002009000166162561 
0.0039487389444175115 
0.00577233265702759 
0.00743621262907766 
0.008901160742165763 
0.010133227985089975 
0.011104514637920192 
0.011793794331914393 
0.012186968233426451 
0.012277339903068438 
0.012065705873410262 
0.011560261557395254 
0.010776326632593737 
0.009735898432597298 
0.00846704601015878 
0.00700316131825673 
0.005382087295853923 
0.003645145467205434 
0.001836087903071169 
-4.008207907907266e-17 
-0.0018178185231842224 
-0.003572966750964664 
-0.0052230225774293855 
-0.006728563435261191 
-0.00805410330346446 
-0.009168923846398464 
-0.010047780353518165 
-0.010671466412136512 
-0.011027224870019874 
-0.011108996538242306 
-0.010917502149277877 
-0.010460157219413924 
-0.00975082356614818 
-0.008809405200011576 
-0.007661300050223822 
-0.006336722405300815 
-0.004869913972424704 
-0.0032982640129114687 
-0.0016613610375017913 
-7.765309904262268e-17 
0.0016448302189758415 
0.0032329540096713745 
0.00472598626330489 
0.006088255965852809 
0.007287654037701591 
0.008296385379343464 
0.009091607632069901 
0.009655942115015127 
0.009977845679490688 
0.010051835744633586 
0.009878564456154645 
0.009464741650664637 
0.00882291001931775 
0.007971079455611088 
0.006932230956243367 
0.005733703540022869 
0.004406480384865861 
0.0029843926934438364 
0.0015032616315987667 
1.7334329006977497e-16 
-0.0014883039284457873 
-0.002925297758739951 
-0.00427624920816212 
-0.005508881808484203 
-0.006594142063013363 
-0.007506879925676524 
-0.008226426775598114 
-0.008737057732054933 
-0.009028328122191589 
-0.009095277101695816 
-0.00893849475640875 
-0.008564052397564829 
-0.007983299121443119 
-0.007212530953574679 
-0.006272541959676092 
-0.005188069506938008 
-0.00398714833406821 
-0.0027003901791411928 
-0.0013602073733681996 
-4.22204263966689e-18 
0.0013466730838675705 
0.0026469188710045496 
0.0038693102923916486 
0.004984642391854237 
0.005966626478459259 
0.006792505849455065 
0.007443578763294036 
0.00790561675950375 
0.008169169107265306 
0.00822974704902003 
0.008087884516516874 
0.007749075059337259 
0.007223587764455267 
0.006526167885536862 
0.005675630671315591 
0.004694359417248953 
0.003607721003924533 
0.002443414077383647 
0.0012307665277120406 
8.821491391757899e-17 
-0.0012185201961451722 
-0.0023950312369905424 
-0.0035010967345477425 
-0.004510290951677908 
-0.00539882689715401 
-0.006146113454815153 
-0.00673522858912634 
-0.007153297856651162 
-0.007391769882517055 
-0.007446583070924338 
-0.0073182205432981194 
-0.007011653068857532 
-0.006536172501745891 
-0.00590512089921842 
-0.005135523002358956 
-0.004247632054436232 
-0.0032644009581852445 
